Timestamp,Tension,Corriente,totalizado,
2025-06-25T23:07:42.691660,307,17,-162,5526
2025-06-25T23:07:44.134941,302,17,-145,5436
2025-06-25T23:07:45.577117,304,17,-128,5472
2025-06-25T23:07:47.020591,304,-71,-199,5472
2025-06-25T23:07:48.463988,305,-71,-270,5490
2025-06-25T23:07:49.906384,307,-71,-341,5526
2025-06-25T23:07:51.349776,307,-72,-413,5526
2025-06-25T23:07:52.792162,305,-73,-486,5490
2025-06-25T23:07:54.235662,308,-72,-558,5544
2025-06-25T23:07:55.678070,310,-72,-630,5580
2025-06-25T23:07:57.121595,309,-73,-703,5562
2025-06-25T23:07:58.564100,308,-73,-776,5544
2025-06-25T23:08:00.007461,307,-72,-848,5526
2025-06-25T23:08:01.450059,305,-72,-920,5490
2025-06-25T23:08:02.892588,310,-73,-993,5580
2025-06-25T23:08:04.337193,305,-73,-1066,5490
2025-06-25T23:08:05.779710,309,-73,-1139,5562
2025-06-25T23:08:07.223198,306,-72,-1211,5508
2025-06-25T23:08:08.665830,306,-73,-1284,5508
2025-06-25T23:08:10.109341,307,-73,-1357,5526
2025-06-25T23:08:11.551912,308,-73,-1430,5544
2025-06-25T23:08:12.995490,307,-73,-1503,5526
2025-06-25T23:08:14.438051,311,-73,-1576,5598
2025-06-25T23:08:15.881567,306,-73,-1649,5508
2025-06-25T23:08:17.324111,308,-73,-1722,5544
2025-06-25T23:08:18.766703,311,-74,-1796,5598
2025-06-25T23:08:20.210379,310,-74,-1870,5580
2025-06-25T23:08:21.652898,308,-74,-1944,5544
2025-06-25T23:08:23.096655,311,-73,-2017,5598
2025-06-25T23:08:24.539140,306,-74,-2091,5508
2025-06-25T23:08:25.982637,307,-74,-2165,5526
2025-06-25T23:08:27.425236,309,-74,-2239,5562
2025-06-25T23:08:28.868910,308,-75,-2314,5544
2025-06-25T23:08:30.311584,306,-73,-2387,5508
2025-06-25T23:08:31.755006,308,-74,-2461,5544
2025-06-25T23:08:33.197590,307,-74,-2535,5526
2025-06-25T23:08:34.641267,309,-74,-2609,5562
2025-06-25T23:08:36.083767,307,-74,-2683,5526
2025-06-25T23:08:37.526446,310,-74,-2757,5580
2025-06-25T23:08:38.970121,307,-75,-2832,5526
2025-06-25T23:08:40.412725,311,-75,-2907,5598
2025-06-25T23:08:41.856274,308,-75,-2982,5544
2025-06-25T23:08:43.298732,310,-74,-3056,5580
2025-06-25T23:08:44.742504,306,-74,-3130,5508
2025-06-25T23:08:46.185187,309,-75,-3205,5562
2025-06-25T23:08:47.628586,309,-75,-3280,5562
2025-06-25T23:08:49.071214,307,-75,-3355,5526
2025-06-25T23:08:50.514927,310,-75,-3430,5580
2025-06-25T23:08:51.957501,309,-76,-3506,5562
2025-06-25T23:08:53.400008,308,-75,-3581,5544
2025-06-25T23:08:54.843817,309,-76,-3657,5562
2025-06-25T23:08:56.286430,308,-75,-3732,5544
2025-06-25T23:08:57.729907,310,-76,-3808,5580
2025-06-25T23:08:59.172546,306,-75,-3883,5508
2025-06-25T23:09:00.616187,306,-76,-3959,5508
2025-06-25T23:09:02.058813,309,-76,-4035,5562
2025-06-25T23:09:03.502390,309,-79,-4114,5562
2025-06-25T23:09:04.945097,307,-79,-4193,5526
2025-06-25T23:09:06.388592,310,-79,-4272,5580
2025-06-25T23:09:07.831207,309,-79,-4351,5562
2025-06-25T23:09:09.273866,308,-79,-4430,5544
2025-06-25T23:09:10.722168,306,-78,-4508,5508
2025-06-25T23:09:12.160075,310,-77,-4585,5580
2025-06-25T23:09:13.603739,308,-77,-4662,5544
2025-06-25T23:09:15.046203,314,-76,-4738,5652
2025-06-25T23:09:16.489886,307,-76,-4814,5526
2025-06-25T23:09:17.932466,310,-76,-4890,5580
2025-06-25T23:09:19.376195,307,-76,-4966,5526
2025-06-25T23:09:20.818776,306,-76,-5042,5508
2025-06-25T23:09:22.262328,305,-77,-5119,5490
2025-06-25T23:09:23.704963,311,-77,-5196,5598
2025-06-25T23:09:25.147561,311,-76,-5272,5598
2025-06-25T23:09:26.591265,310,-77,-5349,5580
2025-06-25T23:09:28.033837,310,-78,-5427,5580
2025-06-25T23:09:29.477397,308,-76,-5503,5544
2025-06-25T23:09:30.920107,308,-77,-5580,5544
2025-06-25T23:09:32.363693,314,-78,-5658,5652
2025-06-25T23:09:33.806216,307,-77,-5735,5526
2025-06-25T23:09:35.249918,312,-77,-5812,5616
2025-06-25T23:09:36.692527,309,-77,-5889,5562
2025-06-25T23:09:38.136100,311,-78,-5967,5598
2025-06-25T23:09:39.578696,305,-77,-6044,5490
2025-06-25T23:09:41.021298,307,-79,-6123,5526
2025-06-25T23:09:42.464910,304,-80,-6203,5472
2025-06-25T23:09:43.907552,311,-79,-6282,5598
2025-06-25T23:09:45.351204,309,-78,-6360,5562
2025-06-25T23:09:46.793811,313,-78,-6438,5634
2025-06-25T23:09:48.237381,308,-77,-6515,5544
2025-06-25T23:09:49.679978,309,-78,-6593,5562
2025-06-25T23:09:51.123643,311,-78,-6671,5598
2025-06-25T23:09:52.566292,311,-78,-6749,5598
2025-06-25T23:09:54.009870,309,-78,-6827,5562
2025-06-25T23:09:55.452444,310,-80,-6907,5580
2025-06-25T23:09:56.896294,309,-78,-6985,5562
2025-06-25T23:09:58.339185,311,-78,-7063,5598
2025-06-25T23:09:59.782012,307,-78,-7141,5526
2025-06-25T23:10:20.124829,311,-80,-8260,5598
2025-06-25T23:10:22.141397,309,-79,-8339,5562
2025-06-25T23:10:22.872482,309,-79,-8418,5562
2025-06-25T23:10:24.315483,310,-80,-8498,5580
2025-06-25T23:10:25.786430,311,-80,-8578,5598
2025-06-25T23:10:27.201517,311,-79,-8657,5598
2025-06-25T23:10:28.645205,309,-80,-8737,5562
2025-06-25T23:10:30.087957,310,-80,-8817,5580
2025-06-25T23:10:31.530720,311,-84,-8901,5598
2025-06-25T23:10:32.972398,310,0,-8901,5580
2025-06-25T23:10:34.415178,311,0,-8901,5598
2025-06-25T23:10:35.858807,312,0,-8901,5616
2025-06-25T23:10:37.301467,389,0,-8901,7002
2025-06-25T23:10:38.745182,312,0,-8901,5616
2025-06-25T23:10:40.187872,310,0,-8901,5580
2025-06-25T23:10:41.631477,311,0,-8901,5598
2025-06-25T23:10:43.074140,309,0,-8901,5562
2025-06-25T23:10:44.517805,311,0,-8901,5598
2025-06-25T23:10:45.960446,305,0,-8901,5490
2025-06-25T23:10:47.403121,311,0,-8901,5598
2025-06-25T23:10:48.846791,309,0,-8901,5562
2025-06-25T23:10:50.289414,311,0,-8901,5598
2025-06-25T23:10:51.733049,311,0,-8901,5598
2025-06-25T23:10:53.175621,310,0,-8901,5580
2025-06-25T23:10:54.619726,309,0,-8901,5562
2025-06-25T23:10:56.061838,311,0,-8901,5598
2025-06-25T23:10:57.505524,309,0,-8901,5562
2025-06-25T23:10:58.948043,312,0,-8901,5616
2025-06-25T23:11:00.391772,309,0,-8901,5562
2025-06-25T23:11:01.834482,311,0,-8901,5598
2025-06-25T23:11:03.068521,308,-9,-9,5544
2025-06-25T23:11:04.507034,314,0,-9,5652
2025-06-25T23:11:06.464199,311,-83,-83,5598
2025-06-25T23:11:07.908816,313,-83,-166,5634
2025-06-25T23:11:09.351329,312,-83,-249,5616
2025-06-25T23:11:10.794876,313,-84,-333,5634
2025-06-25T23:11:12.237604,312,-83,-416,5616
2025-06-25T23:11:13.681168,312,-84,-500,5616
2025-06-25T23:11:15.123782,311,-83,-583,5598
2025-06-25T23:11:16.567408,313,-83,-666,5634
2025-06-25T23:11:18.010120,311,-83,-749,5598
2025-06-25T23:11:19.453622,313,-85,-834,5634
2025-06-25T23:11:20.896357,310,-84,-918,5580
2025-06-25T23:11:22.340014,312,-83,-1001,5616
2025-06-25T23:11:23.783761,313,-84,-1085,5634
2025-06-25T23:11:25.226223,311,-87,-1172,5598
2025-06-25T23:11:26.669795,314,-87,-1259,5652
2025-06-25T23:11:28.112540,315,-88,-1347,5670
2025-06-25T23:11:29.556129,311,-87,-1434,5598
2025-06-25T23:11:30.998660,312,-88,-1522,5616
2025-06-25T23:11:32.442421,309,-88,-1610,5562
2025-06-25T23:11:33.884901,313,-88,-1698,5634
2025-06-25T23:11:35.328486,312,-88,-1786,5616
2025-06-25T23:11:36.771145,311,-88,-1874,5598
2025-06-25T23:11:38.213931,310,-88,-1962,5580
2025-06-25T23:11:39.657469,311,-89,-2051,5598
2025-06-25T23:11:41.100161,312,-89,-2140,5616
2025-06-25T23:11:42.543706,311,-89,-2229,5598
2025-06-25T23:11:43.986454,312,-89,-2318,5616
2025-06-25T23:11:45.429869,313,-89,-2407,5634
2025-06-25T23:11:46.872434,311,-89,-2496,5598
2025-06-25T23:11:48.316063,316,-89,-2585,5688
2025-06-25T23:11:49.758762,308,-89,-2674,5544
2025-06-25T23:11:51.202363,312,-89,-2763,5616
2025-06-25T23:11:52.645069,311,-87,-2850,5598
2025-06-25T23:11:54.088503,312,-86,-2936,5616
2025-06-25T23:11:55.531133,311,-87,-3023,5598
2025-06-25T23:11:56.973717,314,-88,-3111,5652
2025-06-25T23:11:58.417374,310,-85,-3196,5580
2025-06-25T23:11:59.860024,312,-84,-3280,5616
2025-06-25T23:12:01.303568,314,-84,-3364,5652
2025-06-25T23:12:02.747064,313,-83,-3447,5634
2025-06-25T23:12:04.189735,312,-87,-3534,5616
2025-06-25T23:12:05.632448,314,-85,-3619,5652
2025-06-25T23:12:07.076189,311,-84,-3703,5598
2025-06-25T23:12:08.518578,311,-85,-3788,5598
2025-06-25T23:12:09.962151,314,-86,-3874,5652
2025-06-25T23:12:11.404821,312,-85,-3959,5616
2025-06-25T23:12:12.847398,311,-85,-4044,5598
2025-06-25T23:12:14.291070,313,-85,-4129,5634
2025-06-25T23:12:15.733489,313,-86,-4215,5634
2025-06-25T23:12:17.177289,311,-87,-4302,5598
2025-06-25T23:12:18.620014,313,-86,-4388,5634
2025-06-25T23:12:20.063370,315,-85,-4473,5670
2025-06-25T23:12:21.506214,311,-86,-4559,5598
2025-06-25T23:12:22.949773,319,-87,-4646,5742
2025-06-25T23:12:24.392352,311,-87,-4733,5598
2025-06-25T23:12:25.835873,313,-86,-4819,5634
2025-06-25T23:12:27.278537,313,-87,-4906,5634
2025-06-25T23:12:28.721186,314,-87,-4993,5652
2025-06-25T23:12:30.164733,315,-86,-5079,5670
2025-06-25T23:12:31.607449,311,-86,-5165,5598
2025-06-25T23:12:33.051083,312,-86,-5251,5616
2025-06-25T23:12:34.493656,311,-86,-5337,5598
2025-06-25T23:12:35.937221,312,-94,-5431,5616
2025-06-25T23:12:37.379798,311,-93,-5524,5598
2025-06-25T23:12:38.823445,311,-94,-5618,5598
2025-06-25T23:12:40.266047,315,-94,-5712,5670
2025-06-25T23:12:41.709625,317,-92,-5804,5706
2025-06-25T23:12:43.152259,313,-94,-5898,5634
2025-06-25T23:12:44.594815,313,-94,-5992,5634
2025-06-25T23:12:46.038515,315,-94,-6086,5670
2025-06-25T23:12:47.481124,312,-94,-6180,5616
2025-06-25T23:12:48.924771,312,-95,-6275,5616
2025-06-25T23:12:50.367363,311,-95,-6370,5598
2025-06-25T23:12:51.810790,314,-93,-6463,5652
2025-06-25T23:12:53.253483,311,-90,-6553,5598
2025-06-25T23:12:54.697175,315,-88,-6641,5670
2025-06-25T23:12:56.139818,313,-87,-6728,5634
2025-06-25T23:12:57.583402,313,-86,-6814,5634
2025-06-25T23:12:59.025929,312,-86,-6900,5616
2025-06-25T23:13:00.468569,313,-86,-6986,5634
2025-06-25T23:13:01.912193,312,-85,-7071,5616
2025-06-25T23:13:03.354776,314,-86,-7157,5652
2025-06-25T23:13:04.798524,311,-86,-7243,5598
2025-06-25T23:13:06.241066,315,-85,-7328,5670
2025-06-25T23:13:07.684609,311,-84,-7412,5598
2025-06-25T23:13:09.127192,312,-85,-7497,5616
2025-06-25T23:13:10.570870,314,-84,-7581,5652
2025-06-25T23:13:12.013462,315,-84,-7665,5670
2025-06-25T23:13:13.457160,312,-84,-7749,5616
2025-06-25T23:13:14.899726,314,-88,-7837,5652
2025-06-25T23:13:16.343282,314,-86,-7923,5652
2025-06-25T23:13:17.785904,313,-87,-8010,5634
2025-06-25T23:13:19.228498,311,-86,-8096,5598
2025-06-25T23:13:20.672145,315,-86,-8182,5670
2025-06-25T23:13:22.114684,313,-86,-8268,5634
2025-06-25T23:13:23.558242,317,-87,-8355,5706
2025-06-25T23:13:25.000955,312,-86,-8441,5616
2025-06-25T23:13:26.444548,313,-87,-8528,5634
2025-06-25T23:13:27.887178,315,-96,-8624,5670
2025-06-25T23:13:29.330831,313,-97,-8721,5634
2025-06-25T23:13:30.773487,316,-97,-8818,5688
2025-06-25T23:13:32.216968,316,-97,-8915,5688
2025-06-25T23:13:33.659673,314,-97,-9012,5652
2025-06-25T23:13:35.102230,315,-96,-9108,5670
2025-06-25T23:13:36.545849,312,-95,-9203,5616
2025-06-25T23:13:38.308102,312,-94,-94,5616
2025-06-25T23:13:39.752753,311,-92,-186,5598
2025-06-25T23:13:41.195390,312,-90,-276,5616
2025-06-25T23:13:42.638958,316,-92,-368,5688
2025-06-25T23:13:44.081653,313,-92,-460,5634
2025-06-25T23:13:45.525223,315,-89,-549,5670
2025-06-25T23:13:46.967809,313,-88,-637,5634
2025-06-25T23:13:48.411488,315,-89,-726,5670
2025-06-25T23:13:49.854045,313,-90,-816,5634
2025-06-25T23:13:51.297554,313,-89,-905,5634
2025-06-25T23:13:52.740223,313,-89,-994,5634
2025-06-25T23:13:54.183889,314,-90,-1084,5652
2025-06-25T23:13:55.627531,313,-89,-1173,5634
2025-06-25T23:13:57.070116,314,-98,-1271,5652
2025-06-25T23:13:58.513865,315,-96,-1367,5670
2025-06-25T23:13:59.956426,315,-93,-1460,5670
2025-06-25T23:14:01.399968,311,-90,-1550,5598
2025-06-25T23:14:02.842584,316,-97,-1647,5688
2025-06-25T23:14:04.286249,314,-95,-1742,5652
2025-06-25T23:14:05.728811,314,-93,-1835,5652
2025-06-25T23:14:07.172340,315,-91,-1926,5670
2025-06-25T23:14:08.614985,316,-89,-2015,5688
2025-06-25T23:14:10.057535,316,-90,-2105,5688
2025-06-25T23:14:11.501218,314,-90,-2195,5652
2025-06-25T23:14:12.943858,314,-92,-2287,5652
2025-06-25T23:14:14.387551,315,-92,-2379,5670
2025-06-25T23:14:15.830009,313,-92,-2471,5634
2025-06-25T23:14:17.273627,315,-90,-2561,5670
2025-06-25T23:14:18.716313,314,-91,-2652,5652
2025-06-25T23:14:20.159900,315,-90,-2742,5670
2025-06-25T23:14:21.602543,316,-91,-2833,5688
2025-06-25T23:14:23.046121,314,-91,-2924,5652
2025-06-25T23:14:24.488770,313,-91,-3015,5634
2025-06-25T23:14:26.342199,320,-91,314,5760
2025-06-25T23:14:27.819208,315,-91,-182,5670
2025-06-25T23:14:29.261877,311,-91,-273,5598
2025-06-25T23:14:30.705414,315,-91,-364,5670
2025-06-25T23:14:32.148117,312,-93,-457,5616
2025-06-25T23:14:33.591669,319,-93,-550,5742
2025-06-25T23:14:35.835521,2,2,2,36
2025-06-25T23:14:35.882400,2,2,2,36
2025-06-25T23:14:35.931397,2,2,2,36
2025-06-25T23:14:35.979320,2,2,2,36
2025-06-25T23:14:36.028413,2,2,2,36
2025-06-25T23:14:36.076306,2,2,2,36
2025-06-25T23:14:36.124415,2,2,2,36
2025-06-25T23:14:36.173443,2,2,2,36
2025-06-25T23:14:36.221351,2,2,2,36
2025-06-25T23:14:36.270492,2,2,2,36
2025-06-25T23:14:36.318342,2,2,2,36
2025-06-25T23:14:36.366346,2,2,2,36
2025-06-25T23:14:36.415321,2,2,2,36
2025-06-25T23:14:36.463215,2,2,2,36
2025-06-25T23:14:36.511359,2,2,2,36
2025-06-25T23:14:36.560170,2,2,2,36
2025-06-25T23:14:36.608243,2,2,2,36
2025-06-25T23:14:36.999170,345,-240,-240,6210
2025-06-25T23:14:38.438846,315,0,-240,5670
2025-06-25T23:14:39.878502,314,0,-240,5652
2025-06-25T23:14:41.320982,316,0,-240,5688
2025-06-25T23:14:42.760769,314,0,-240,5652
2025-06-25T23:14:44.203273,315,0,-240,5670
2025-06-25T23:14:45.641932,312,0,-240,5616
2025-06-25T23:14:47.081493,316,0,-240,5688
2025-06-25T23:14:48.520082,315,0,-240,5670
2025-06-25T23:14:49.959692,312,0,-240,5616
2025-06-25T23:14:51.402247,315,0,-240,5670
2025-06-25T23:14:52.165688,2,2,2,36
2025-06-25T23:14:52.213571,2,2,2,36
2025-06-25T23:14:54.113172,322,-94,-94,5796
2025-06-25T23:14:55.557921,313,-95,-189,5634
2025-06-25T23:14:57.000502,314,-93,-282,5652
2025-06-25T23:14:58.444040,313,-92,-374,5634
2025-06-25T23:14:59.886763,311,-93,-467,5598
2025-06-25T23:15:01.330298,316,-92,-559,5688
2025-06-25T23:15:02.772910,312,-91,-650,5616
2025-06-25T23:15:04.216536,314,-95,-745,5652
2025-06-25T23:15:05.660100,312,-103,-848,5616
2025-06-25T23:15:07.103760,315,-105,-953,5670
2025-06-25T23:15:08.547403,312,-106,-1059,5616
2025-06-25T23:15:09.989997,313,-106,-1165,5634
2025-06-25T23:15:11.433649,313,-106,-1271,5634
2025-06-25T23:15:12.876267,313,-107,-1378,5634
2025-06-25T23:15:14.319844,314,-107,-1485,5652
2025-06-25T23:15:15.762424,316,-107,-1592,5688
2025-06-25T23:15:17.206134,313,-107,-1699,5634
2025-06-25T23:15:18.652632,314,-106,-1805,5652
2025-06-25T23:15:20.096297,313,-106,-1911,5634
2025-06-25T23:15:21.542850,315,-105,-2016,5670
2025-06-25T23:15:22.986576,315,-103,-2119,5670
2025-06-25T23:15:24.433048,314,-103,-2222,5652
2025-06-25T23:15:25.876634,316,-103,-2325,5688
2025-06-25T23:15:27.323521,315,-103,-2428,5670
2025-06-25T23:15:28.767018,313,-108,-2536,5634
2025-06-25T23:15:30.213665,318,-108,-2644,5724
2025-06-25T23:15:31.657080,318,-108,-2752,5724
2025-06-25T23:15:33.103834,316,-109,-2861,5688
2025-06-25T23:15:34.546430,312,-108,-2969,5616
2025-06-25T23:15:35.989908,313,-109,-3078,5634
2025-06-25T23:15:37.432569,315,-109,-3187,5670
2025-06-25T23:15:38.876186,317,-110,-3297,5706
2025-06-25T23:15:40.318752,312,-109,-3406,5616
2025-06-25T23:15:41.762464,314,-109,-3515,5652
2025-06-25T23:15:43.208994,311,-109,-3624,5598
2025-06-25T23:15:44.652736,318,-110,-3734,5724
2025-06-25T23:15:46.099231,310,-109,-3843,5580
2025-06-25T23:15:47.543008,315,-109,-3952,5670
2025-06-25T23:15:48.989483,314,-110,-4062,5652
2025-06-25T23:15:50.433139,317,-110,-4172,5706
2025-06-25T23:15:51.879612,315,-109,-4281,5670
2025-06-25T23:15:53.322183,315,-110,-4391,5670
2025-06-25T23:15:54.765822,314,-111,-4502,5652
2025-06-25T23:15:56.208510,317,-110,-4612,5706
2025-06-25T23:15:57.652054,315,-109,-4721,5670
2025-06-25T23:15:59.094668,315,-111,-4832,5670
2025-06-25T23:16:00.538333,313,-110,-4942,5634
2025-06-25T23:16:01.984960,317,-110,-5052,5706
2025-06-25T23:16:03.428499,315,-110,-5162,5670
2025-06-25T23:16:04.875156,316,-110,-5272,5688
2025-06-25T23:16:06.318809,315,-110,-5382,5670
2025-06-25T23:16:07.765442,318,-109,-5491,5724
2025-06-25T23:16:09.208848,313,-110,-5601,5634
2025-06-25T23:16:10.655646,318,-109,-5710,5724
2025-06-25T23:16:12.099144,312,-109,-5819,5616
2025-06-25T23:16:13.545770,315,-108,-5927,5670
2025-06-25T23:16:14.988439,312,-108,-6035,5616
2025-06-25T23:16:16.432045,317,-109,-6144,5706
2025-06-25T23:16:17.874562,318,-110,-6254,5724
2025-06-25T23:16:19.318169,313,-108,-6362,5634
2025-06-25T23:16:20.760797,316,-108,-6470,5688
2025-06-25T23:16:22.204495,315,-110,-6580,5670
2025-06-25T23:16:23.651056,311,-109,-6689,5598
2025-06-25T23:16:25.094682,316,-109,-6798,5688
2025-06-25T23:16:26.541225,311,-106,-6904,5598
2025-06-25T23:16:27.984938,313,-105,-7009,5634
2025-06-25T23:16:29.431427,316,-104,-7113,5688
2025-06-25T23:16:30.874034,317,-99,-7212,5706
2025-06-25T23:16:32.316661,316,-97,-7309,5688
2025-06-25T23:16:33.760304,318,-105,-7414,5724
2025-06-25T23:16:35.203959,313,-104,-7518,5634
2025-06-25T23:16:36.646611,317,-104,-7622,5706
2025-06-25T23:16:38.090143,314,-102,-7724,5652
2025-06-25T23:16:39.532754,316,-104,-7828,5688
2025-06-25T23:16:40.976241,312,-103,-7931,5616
2025-06-25T23:16:42.418974,318,-104,-8035,5724
2025-06-25T23:16:43.862521,315,-113,-8148,5670
2025-06-25T23:16:45.309243,316,-109,-8257,5688
2025-06-25T23:16:46.752715,312,-107,-8364,5616
2025-06-25T23:16:48.199426,317,-104,-8468,5706
2025-06-25T23:16:49.643046,315,-107,-8575,5670
2025-06-25T23:16:51.089489,313,-104,-8679,5634
2025-06-25T23:16:52.533267,315,-105,-8784,5670
2025-06-25T23:16:53.979924,319,-118,-8902,5742
2025-06-25T23:16:55.422421,316,-118,-9020,5688
2025-06-25T23:16:56.866089,316,-117,-9137,5688
2025-06-25T23:16:58.308672,314,-118,-9255,5652
2025-06-25T23:16:59.752258,317,-118,-9373,5706
2025-06-25T23:17:01.194870,316,-119,-9492,5688
2025-06-25T23:17:02.638488,316,-119,-9611,5688
2025-06-25T23:17:04.085057,316,-119,-9730,5688
2025-06-25T23:17:05.528713,315,-120,-9850,5670
2025-06-25T23:17:06.975324,314,-118,-9968,5652
2025-06-25T23:17:08.419949,316,-117,-10085,5688
2025-06-25T23:17:09.866603,315,-114,-10199,5670
2025-06-25T23:17:11.314178,315,-111,-10310,5670
2025-06-25T23:17:12.760761,315,-107,-10417,5670
2025-06-25T23:17:14.208545,315,-102,-10519,5670
2025-06-25T23:17:15.654015,315,-98,-10617,5670
2025-06-25T23:17:17.097650,316,-96,-10713,5688
2025-06-25T23:17:18.544195,316,-96,-10809,5688
2025-06-25T23:17:19.986817,316,-97,-10906,5688
2025-06-25T23:17:21.430455,313,-96,-11002,5634
2025-06-25T23:17:22.873079,319,-97,-11099,5742
2025-06-25T23:17:24.316621,318,-95,-11194,5724
2025-06-25T23:17:25.759174,315,-95,-11289,5670
2025-06-25T23:17:27.202880,317,-95,-11384,5706
2025-06-25T23:17:28.649508,314,-95,-11479,5652
2025-06-25T23:17:30.093121,316,-94,-11573,5688
2025-06-25T23:17:31.539882,318,-95,-11668,5724
2025-06-25T23:17:32.983298,313,-94,-11762,5634
2025-06-25T23:17:34.430026,315,-94,-11856,5670
2025-06-25T23:17:35.873535,313,-97,-11953,5634
2025-06-25T23:17:37.321116,318,-122,-12075,5724
2025-06-25T23:17:38.768770,313,-123,-12198,5634
2025-06-25T23:17:40.215399,318,-122,-12320,5724
2025-06-25T23:17:41.662887,314,-123,-12443,5652
2025-06-25T23:17:43.109570,319,-123,-12566,5742
2025-06-25T23:17:44.556147,317,-123,-12689,5706
2025-06-25T23:17:46.003759,319,-123,-12812,5742
2025-06-25T23:17:47.451409,316,-124,-12936,5688
2025-06-25T23:17:48.897974,319,-123,-13059,5742
2025-06-25T23:17:50.344631,315,-124,-13183,5670
2025-06-25T23:17:51.792211,315,-124,-13307,5670
2025-06-25T23:17:53.238815,317,-124,-13431,5706
2025-06-25T23:17:54.686410,318,-125,-13556,5724
2025-06-25T23:17:56.133009,314,-124,-13680,5652
2025-06-25T23:17:57.580662,316,-125,-13805,5688
2025-06-25T23:17:59.027213,318,-125,-13930,5724
2025-06-25T23:18:00.475019,319,-126,-14056,5742
2025-06-25T23:18:01.921496,319,-126,-14182,5742
2025-06-25T23:18:03.369128,319,-126,-14308,5742
2025-06-25T23:18:04.815746,313,-126,-14434,5634
2025-06-25T23:18:06.263356,319,-125,-14559,5742
2025-06-25T23:18:07.709976,316,-127,-14686,5688
2025-06-25T23:18:09.157507,317,-127,-14813,5706
2025-06-25T23:18:10.604190,314,-128,-14941,5652
2025-06-25T23:18:12.051832,319,-126,-15067,5742
2025-06-25T23:18:13.498340,316,-127,-15194,5688
2025-06-25T23:18:14.945943,320,-128,-15322,5760
2025-06-25T23:18:16.392723,315,-128,-15450,5670
2025-06-25T23:18:17.840197,316,-129,-15579,5688
2025-06-25T23:18:19.286758,315,-129,-15708,5670
2025-06-25T23:18:20.734383,319,-128,-15836,5742
2025-06-25T23:18:22.181039,319,-128,-15964,5742
2025-06-25T23:18:23.628658,320,-128,-16092,5760
2025-06-25T23:18:25.075244,317,-129,-16221,5706
2025-06-25T23:18:26.522879,319,-129,-16350,5742
2025-06-25T23:18:27.969469,318,-130,-16480,5724
2025-06-25T23:18:29.417091,319,-130,-16610,5742
2025-06-25T23:18:30.863614,318,-130,-16740,5724
2025-06-25T23:18:32.311213,318,-129,-16869,5724
2025-06-25T23:18:33.757964,315,-130,-16999,5670
2025-06-25T23:18:35.205509,318,-131,-17130,5724
2025-06-25T23:18:36.652100,318,-131,-17261,5724
2025-06-25T23:18:38.102289,319,-132,-17393,5742
2025-06-25T23:18:39.546394,317,-131,-17524,5706
2025-06-25T23:18:40.993910,320,-132,-17656,5760
2025-06-25T23:18:42.440701,316,-132,-17788,5688
2025-06-25T23:18:43.888185,319,-130,-17918,5742
2025-06-25T23:18:45.334774,319,-129,-18047,5742
2025-06-25T23:18:46.782313,317,-124,-18171,5706
2025-06-25T23:18:48.228991,316,-119,-18290,5688
2025-06-25T23:18:49.675543,320,-118,-18408,5760
2025-06-25T23:18:51.123000,319,-125,-18533,5742
2025-06-25T23:18:52.570737,319,-121,-18654,5742
2025-06-25T23:18:54.017404,314,-113,-18767,5652
2025-06-25T23:18:55.465023,318,-107,-18874,5724
2025-06-25T23:18:56.911671,314,-112,-18986,5652
2025-06-25T23:18:58.358280,319,-125,-19111,5742
2025-06-25T23:18:59.805904,319,-120,-19231,5742
2025-06-25T23:19:01.252380,319,-111,-19342,5742
2025-06-25T23:19:02.699945,314,-103,-19445,5652
2025-06-25T23:19:04.145651,316,-99,-19544,5688
2025-06-25T23:19:05.589289,317,-96,-19640,5706
2025-06-25T23:19:07.031892,319,-95,-19735,5742
2025-06-25T23:19:08.476481,316,-106,-19841,5688
2025-06-25T23:19:09.923079,319,-122,-19963,5742
2025-06-25T23:19:11.370741,316,-115,-20078,5688
2025-06-25T23:19:12.817365,321,-108,-20186,5778
2025-06-25T23:19:14.264924,317,-102,-20288,5706
2025-06-25T23:19:15.710550,318,-98,-20386,5724
2025-06-25T23:19:17.154087,316,-96,-20482,5688
2025-06-25T23:19:18.600770,316,-93,-20575,5688
2025-06-25T23:19:20.044407,315,-93,-20668,5670
2025-06-25T23:19:21.490961,315,-91,-20759,5670
2025-06-25T23:19:22.933523,317,-91,-20850,5706
2025-06-25T23:19:24.377195,318,-91,-20941,5724
2025-06-25T23:19:25.819848,316,-91,-21032,5688
2025-06-25T23:19:27.264451,319,-118,-21150,5742
2025-06-25T23:19:28.710995,316,-119,-21269,5688
2025-06-25T23:19:30.158624,319,-112,-21381,5742
2025-06-25T23:19:31.605297,316,-104,-21485,5688
2025-06-25T23:19:33.052786,319,-113,-21598,5742
2025-06-25T23:19:34.499409,317,-103,-21701,5706
2025-06-25T23:19:35.946078,319,-98,-21799,5742
2025-06-25T23:19:37.388715,318,-96,-21895,5724
2025-06-25T23:19:38.832453,318,-93,-21988,5724
2025-06-25T23:19:40.278866,317,-92,-22080,5706
2025-06-25T23:19:41.722589,316,-92,-22172,5688
2025-06-25T23:19:43.170143,316,-121,-22293,5688
2025-06-25T23:19:44.617731,318,-108,-22401,5724
2025-06-25T23:19:46.064303,316,-100,-22501,5688
2025-06-25T23:19:47.511890,320,-112,-22613,5760
2025-06-25T23:19:48.958565,317,-107,-22720,5706
2025-06-25T23:19:50.406179,319,-105,-22825,5742
2025-06-25T23:19:51.852720,317,-105,-22930,5706
2025-06-25T23:19:53.300371,318,-107,-23037,5724
2025-06-25T23:19:54.747007,318,-139,-23176,5724
2025-06-25T23:19:56.194564,319,-139,-23315,5742
2025-06-25T23:19:57.641132,319,-139,-23454,5742
2025-06-25T23:19:59.087867,320,-140,-23594,5760
2025-06-25T23:20:00.535417,316,-140,-23734,5688
2025-06-25T23:20:01.983047,319,-140,-23874,5742
2025-06-25T23:20:03.429570,318,-141,-24015,5724
2025-06-25T23:20:04.876254,319,-141,-24156,5742
2025-06-25T23:20:06.323777,317,-142,-24298,5706
2025-06-25T23:20:07.770526,320,-141,-24439,5760
2025-06-25T23:20:09.218120,318,-140,-24579,5724
2025-06-25T23:20:10.664666,321,-137,-24716,5778
2025-06-25T23:20:12.112313,319,-134,-24850,5742
2025-06-25T23:20:13.558954,322,-129,-24979,5796
2025-06-25T23:20:15.006531,318,-125,-25104,5724
2025-06-25T23:20:16.453192,319,-120,-25224,5742
2025-06-25T23:20:17.900742,317,-112,-25336,5706
2025-06-25T23:20:19.347398,318,-104,-25440,5724
2025-06-25T23:20:20.793950,318,-98,-25538,5724
2025-06-25T23:20:22.236567,319,-94,-25632,5742
2025-06-25T23:20:23.680224,316,-91,-25723,5688
2025-06-25T23:20:25.126785,319,-90,-25813,5742
2025-06-25T23:20:26.570482,318,-90,-25903,5724
2025-06-25T23:20:28.016968,319,-89,-25992,5742
2025-06-25T23:20:29.460633,314,-88,-26080,5652
2025-06-25T23:20:30.907235,319,-89,-26169,5742
2025-06-25T23:20:32.350911,315,-87,-26256,5670
2025-06-25T23:20:33.797269,319,-88,-26344,5742
2025-06-25T23:20:35.241096,313,-89,-26433,5634
2025-06-25T23:20:36.688592,320,-145,-26578,5760
2025-06-25T23:20:38.136224,319,-145,-26723,5742
2025-06-25T23:20:39.582834,321,-145,-26868,5778
2025-06-25T23:20:41.029388,319,-147,-27015,5742
2025-06-25T23:20:42.477018,322,-147,-27162,5796
2025-06-25T23:20:43.924582,320,-147,-27309,5760
2025-06-25T23:20:45.371219,319,-148,-27457,5742
2025-06-25T23:20:46.817949,324,-148,-27605,5832
2025-06-25T23:20:48.265378,322,-148,-27753,5796
2025-06-25T23:20:49.712121,319,-148,-27901,5742
2025-06-25T23:20:51.159693,319,-148,-28049,5742
2025-06-25T23:20:52.606334,319,-148,-28197,5742
2025-06-25T23:20:54.053980,320,-147,-28344,5760
2025-06-25T23:20:55.500602,319,-145,-28489,5742
2025-06-25T23:20:56.948169,319,-142,-28631,5742
2025-06-25T23:20:58.394759,317,-140,-28771,5706
2025-06-25T23:20:59.842305,323,-135,-28906,5814
2025-06-25T23:21:01.288953,317,-130,-29036,5706
2025-06-25T23:21:02.736627,318,-124,-29160,5724
2025-06-25T23:21:04.183266,314,-115,-29275,5652
2025-06-25T23:21:05.630691,321,-108,-29383,5778
2025-06-25T23:21:07.077428,319,-101,-29484,5742
2025-06-25T23:21:08.523965,321,-97,-29581,5778
2025-06-25T23:21:09.970636,317,-92,-29673,5706
2025-06-25T23:21:11.415226,321,-152,-29825,5778
2025-06-25T23:21:12.861907,319,-153,-29978,5742
2025-06-25T23:21:14.309511,322,-152,-30130,5796
2025-06-25T23:21:15.756101,321,-152,-30282,5778
2025-06-25T23:21:17.203657,321,-149,-30431,5778
2025-06-25T23:21:18.650391,320,-149,-30580,5760
2025-06-25T23:21:20.097939,322,-147,-30727,5796
2025-06-25T23:21:21.544513,319,-145,-30872,5742
2025-06-25T23:21:22.992186,320,-147,-31019,5760
2025-06-25T23:21:24.438767,318,-145,-31164,5724
2025-06-25T23:21:25.886388,322,-142,-31306,5796
2025-06-25T23:21:27.332819,318,-141,-31447,5724
2025-06-25T23:21:28.780535,322,-138,-31585,5796
2025-06-25T23:21:30.227179,319,-141,-31726,5742
2025-06-25T23:21:31.674776,323,-138,-31864,5814
2025-06-25T23:21:33.121346,318,-140,-32004,5724
2025-06-25T23:21:34.567994,323,-144,-32148,5814
2025-06-25T23:21:36.015754,322,-148,-32296,5796
2025-06-25T23:21:37.463207,322,-146,-32442,5796
2025-06-25T23:21:38.909778,317,-133,-32575,5706
2025-06-25T23:21:40.356415,319,-134,-32709,5742
2025-06-25T23:21:41.804012,318,-145,-32854,5724
2025-06-25T23:21:43.250610,319,-133,-32987,5742
2025-06-25T23:21:44.698304,320,-125,-33112,5760
2025-06-25T23:21:46.144899,322,-119,-33231,5796
2025-06-25T23:21:47.592458,319,-118,-33349,5742
2025-06-25T23:21:49.039020,321,-126,-33475,5778
2025-06-25T23:21:50.486783,322,-159,-33634,5796
2025-06-25T23:21:51.933313,322,-158,-33792,5796
2025-06-25T23:21:53.381034,322,-159,-33951,5796
2025-06-25T23:21:54.827558,321,-159,-34110,5778
2025-06-25T23:21:56.275163,319,-159,-34269,5742
2025-06-25T23:21:57.721755,320,-158,-34427,5760
2025-06-25T23:21:59.169343,326,-160,-34587,5868
2025-06-25T23:22:00.615964,320,-159,-34746,5760
2025-06-25T23:22:02.063644,321,-158,-34904,5778
2025-06-25T23:22:03.510207,323,-160,-35064,5814
2025-06-25T23:22:04.957757,320,-157,-35221,5760
2025-06-25T23:22:06.404319,322,-157,-35378,5796
2025-06-25T23:22:07.852094,320,-156,-35534,5760
2025-06-25T23:22:09.298602,322,-154,-35688,5796
2025-06-25T23:22:10.746376,321,-155,-35843,5778
2025-06-25T23:22:12.192876,321,-156,-35999,5778
2025-06-25T23:22:13.640450,319,-156,-36155,5742
2025-06-25T23:22:15.087058,321,-156,-36311,5778
2025-06-25T23:22:16.534580,319,-158,-36469,5742
2025-06-25T23:22:17.981288,323,-156,-36625,5814
2025-06-25T23:22:19.428871,319,-156,-36781,5742
2025-06-25T23:22:20.875429,323,-152,-36933,5814
2025-06-25T23:22:22.323048,322,-151,-37084,5796
2025-06-25T23:22:23.769738,322,-151,-37235,5796
2025-06-25T23:22:25.217488,318,-154,-37389,5724
2025-06-25T23:22:26.663933,324,-151,-37540,5832
2025-06-25T23:22:28.111613,320,-134,-37674,5760
2025-06-25T23:22:29.558002,321,-131,-37805,5778
2025-06-25T23:22:31.005624,320,-125,-37930,5760
2025-06-25T23:22:32.452276,324,-166,-38096,5832
2025-06-25T23:22:33.899945,322,-167,-38263,5796
2025-06-25T23:22:35.346501,323,-166,-38429,5814
2025-06-25T23:22:36.794054,322,-167,-38596,5796
2025-06-25T23:22:38.240856,321,-168,-38764,5778
2025-06-25T23:22:39.687280,322,-169,-38933,5796
2025-06-25T23:22:41.134991,325,-169,-39102,5850
2025-06-25T23:22:42.581545,319,-169,-39271,5742
2025-06-25T23:22:44.029140,322,-168,-39439,5796
2025-06-25T23:22:45.475910,321,-167,-39606,5778
2025-06-25T23:22:46.923444,321,-164,-39770,5778
2025-06-25T23:22:48.370116,323,-159,-39929,5814
2025-06-25T23:22:49.817636,322,-149,-40078,5796
2025-06-25T23:22:51.264148,319,-131,-40209,5742
2025-06-25T23:22:52.711750,318,-120,-40329,5724
2025-06-25T23:22:54.158492,319,-126,-40455,5742
2025-06-25T23:22:55.606118,320,-106,-40561,5760
2025-06-25T23:22:57.052563,319,-138,-40699,5742
2025-06-25T23:22:58.500288,322,-117,-40816,5796
2025-06-25T23:22:59.946924,320,-109,-40925,5760
2025-06-25T23:23:01.394593,320,-100,-41025,5760
2025-06-25T23:23:02.840994,318,-102,-41127,5724
2025-06-25T23:23:04.288773,320,-112,-41239,5760
2025-06-25T23:23:05.735300,318,-101,-41340,5724
2025-06-25T23:23:07.181851,323,-91,-41431,5814
2025-06-25T23:23:08.628621,318,-97,-41528,5724
2025-06-25T23:23:10.072206,319,-87,-41615,5742
2025-06-25T23:23:11.518870,317,-83,-41698,5706
2025-06-25T23:23:12.963459,321,-102,-41800,5778
2025-06-25T23:23:14.409083,319,-93,-41893,5742
2025-06-25T23:23:15.852708,320,-87,-41980,5760
2025-06-25T23:23:17.299294,315,-84,-42064,5670
2025-06-25T23:23:18.741935,319,-85,-42149,5742
2025-06-25T23:23:20.185540,318,-91,-42240,5724
2025-06-25T23:23:21.628098,318,-89,-42329,5724
2025-06-25T23:23:23.071720,317,-90,-42419,5706
2025-06-25T23:23:24.514327,319,-86,-42505,5742
2025-06-25T23:23:25.957974,319,-86,-42591,5742
2025-06-25T23:23:27.400579,321,-97,-42688,5778
2025-06-25T23:23:28.844286,319,-81,-42769,5742
2025-06-25T23:23:30.290789,320,-80,-42849,5760
2025-06-25T23:23:31.734450,317,-87,-42936,5706
2025-06-25T23:23:33.181022,318,-80,-43016,5724
2025-06-25T23:23:34.624659,320,-86,-43102,5760
2025-06-25T23:23:36.071230,322,-88,-43190,5796
2025-06-25T23:23:37.514904,316,-87,-43277,5688
2025-06-25T23:23:38.961470,320,-85,-43362,5760
2025-06-25T23:23:40.404060,321,-98,-43460,5778
2025-06-25T23:23:41.848654,324,-163,-43623,5832
2025-06-25T23:23:43.295279,322,-151,-43774,5796
2025-06-25T23:23:44.742916,322,-125,-43899,5796
2025-06-25T23:23:46.189455,320,-101,-44000,5760
2025-06-25T23:23:47.637167,321,-174,-44174,5778
2025-06-25T23:23:49.083684,322,-175,-44349,5796
2025-06-25T23:23:50.531367,325,-176,-44525,5850
2025-06-25T23:23:51.978020,324,-177,-44702,5832
2025-06-25T23:23:53.425610,324,-177,-44879,5832
2025-06-25T23:23:54.872228,321,-177,-45056,5778
2025-06-25T23:23:56.319935,324,-177,-45233,5832
2025-06-25T23:23:57.766456,326,-178,-45411,5868
2025-06-25T23:23:59.214078,326,-178,-45589,5868
2025-06-25T23:24:00.660630,322,-178,-45767,5796
2025-06-25T23:24:02.108289,322,-179,-45946,5796
2025-06-25T23:24:03.554907,322,-179,-46125,5796
2025-06-25T23:24:05.002586,324,-178,-46303,5832
2025-06-25T23:24:06.449061,324,-180,-46483,5832
2025-06-25T23:24:07.896700,326,-180,-46663,5868
2025-06-25T23:24:09.343321,324,-180,-46843,5832
2025-06-25T23:24:10.790997,322,-181,-47024,5796
2025-06-25T23:24:12.237583,325,-182,-47206,5850
2025-06-25T23:24:13.685120,325,-182,-47388,5850
2025-06-25T23:24:15.131776,322,-183,-47571,5796
2025-06-25T23:24:16.579315,325,-183,-47754,5850
2025-06-25T23:24:18.025946,323,-183,-47937,5814
2025-06-25T23:24:19.473596,325,-183,-48120,5850
2025-06-25T23:24:20.920228,324,-185,-48305,5832
2025-06-25T23:24:22.367834,323,-184,-48489,5814
2025-06-25T23:24:23.814377,323,-185,-48674,5814
2025-06-25T23:24:25.262114,325,-184,-48858,5850
2025-06-25T23:24:26.708632,325,-185,-49043,5850
2025-06-25T23:24:28.156301,325,-187,-49230,5850
2025-06-25T23:24:29.602895,323,-186,-49416,5814
2025-06-25T23:24:31.050521,323,-188,-49604,5814
2025-06-25T23:24:32.497085,321,-185,-49789,5778
2025-06-25T23:24:33.944729,326,-186,-49975,5868
2025-06-25T23:24:35.391360,322,-184,-50159,5796
2025-06-25T23:24:36.837899,325,-189,-50348,5850
2025-06-25T23:24:38.285520,324,-189,-50537,5832
2025-06-25T23:24:39.733107,326,-188,-50725,5868
2025-06-25T23:24:41.179776,323,-186,-50911,5814
2025-06-25T23:24:42.626353,323,-189,-51100,5814
2025-06-25T23:24:44.073978,327,-189,-51289,5886
2025-06-25T23:24:45.520589,327,-185,-51474,5886
2025-06-25T23:24:46.968245,323,-183,-51657,5814
2025-06-25T23:24:48.414819,327,-185,-51842,5886
2025-06-25T23:24:49.862391,325,-186,-52028,5850
2025-06-25T23:24:51.309047,323,-186,-52214,5814
2025-06-25T23:24:52.756716,324,-183,-52397,5832
2025-06-25T23:24:54.203197,324,-187,-52584,5832
2025-06-25T23:24:55.650857,326,-185,-52769,5868
2025-06-25T23:24:57.097470,325,-185,-52954,5850
2025-06-25T23:24:58.545163,324,-183,-53137,5832
2025-06-25T23:24:59.991681,327,-190,-53327,5886
2025-06-25T23:25:01.439273,324,-188,-53515,5832
2025-06-25T23:25:02.885921,325,-190,-53705,5850
2025-06-25T23:25:04.333519,326,-194,-53899,5868
2025-06-25T23:25:05.780100,326,-188,-54087,5868
2025-06-25T23:25:07.227815,327,-191,-54278,5886
2025-06-25T23:25:08.674371,327,-197,-54475,5886
2025-06-25T23:25:10.122011,327,-186,-54661,5886
2025-06-25T23:25:11.568825,327,-180,-54841,5886
2025-06-25T23:25:13.016712,323,-177,-55018,5814
2025-06-25T23:25:14.463507,327,-195,-55213,5886
2025-06-25T23:25:15.911345,324,-198,-55411,5832
2025-06-25T23:25:17.358129,327,-192,-55603,5886
2025-06-25T23:25:18.805925,326,-192,-55795,5868
2025-06-25T23:25:20.252680,327,-192,-55987,5886
2025-06-25T23:25:21.700275,324,-191,-56178,5832
2025-06-25T23:25:23.147161,327,-200,-56378,5886
2025-06-25T23:25:24.594933,323,-200,-56578,5814
2025-06-25T23:25:26.041555,329,-194,-56772,5922
2025-06-25T23:25:27.489281,326,-192,-56964,5868
2025-06-25T23:25:28.936303,325,-181,-57145,5850
2025-06-25T23:25:30.383688,321,-163,-57308,5778
2025-06-25T23:25:31.830366,328,-165,-57473,5904
2025-06-25T23:25:33.277136,326,-174,-57647,5868
2025-06-25T23:25:34.724793,327,-174,-57821,5886
2025-06-25T23:25:36.172537,325,-171,-57992,5850
2025-06-25T23:25:37.619025,326,-174,-58166,5868
2025-06-25T23:25:39.065740,326,-164,-58330,5868
2025-06-25T23:25:40.513412,326,-162,-58492,5868
2025-06-25T23:25:41.960105,323,-158,-58650,5814
2025-06-25T23:25:43.407617,326,-159,-58809,5868
2025-06-25T23:25:44.854430,323,-154,-58963,5814
2025-06-25T23:25:46.301988,323,-154,-59117,5814
2025-06-25T23:25:47.748588,319,-113,-59230,5742
2025-06-25T23:25:49.195290,325,-94,-59324,5850
2025-06-25T23:25:50.638926,321,-106,-59430,5778
2025-06-25T23:25:52.086496,324,-112,-59542,5832
2025-06-25T23:25:53.533178,318,-109,-59651,5724
2025-06-25T23:25:54.980772,324,-127,-59778,5832
2025-06-25T23:25:56.427437,321,-132,-59910,5778
2025-06-25T23:25:57.875239,323,-111,-60021,5814
2025-06-25T23:25:59.321530,319,-112,-60133,5742
2025-06-25T23:26:00.769174,323,-104,-60237,5814
2025-06-25T23:26:02.216761,323,-105,-60342,5814
2025-06-25T23:26:03.663379,326,-123,-60465,5868
2025-06-25T23:26:05.109131,320,-96,-60561,5760
2025-06-25T23:26:06.553716,322,-102,-60663,5796
2025-06-25T23:26:07.999415,321,-90,-60753,5778
2025-06-25T23:26:09.444064,322,-102,-60855,5796
2025-06-25T23:26:10.890641,320,-107,-60962,5760
2025-06-25T23:26:12.337290,320,-87,-61049,5760
2025-06-25T23:26:13.783789,320,-84,-61133,5760
2025-06-25T23:26:15.227504,324,-89,-61222,5832
2025-06-25T23:26:16.674033,323,-80,-61302,5814
2025-06-25T23:26:18.116618,321,-85,-61387,5778
2025-06-25T23:26:19.560252,319,-88,-61475,5742
2025-06-25T23:26:21.002896,322,-91,-61566,5796
2025-06-25T23:26:22.446514,321,-90,-61656,5778
2025-06-25T23:26:23.889131,324,-79,-61735,5832
2025-06-25T23:26:25.332704,322,-97,-61832,5796
2025-06-25T23:26:26.780248,326,-103,-61935,5868
2025-06-25T23:26:28.227869,322,-112,-62047,5796
2025-06-25T23:26:29.674581,327,-203,-62250,5886
2025-06-25T23:26:31.122224,328,-210,-62460,5904
2025-06-25T23:26:32.568796,330,-221,-62681,5940
2025-06-25T23:26:34.016333,327,-227,-62908,5886
2025-06-25T23:26:35.462999,331,-227,-63135,5958
2025-06-25T23:26:36.910542,328,-228,-63363,5904
2025-06-25T23:26:38.357225,331,-229,-63592,5958
2025-06-25T23:26:39.804922,327,-231,-63823,5886
2025-06-25T23:26:41.251519,330,-231,-64054,5940
2025-06-25T23:26:42.699112,330,-233,-64287,5940
2025-06-25T23:26:44.145648,332,-235,-64522,5976
2025-06-25T23:26:45.593214,330,-236,-64758,5940
2025-06-25T23:26:47.039813,326,-237,-64995,5868
2025-06-25T23:26:48.487558,330,-238,-65233,5940
2025-06-25T23:26:49.934109,332,-241,-65474,5976
2025-06-25T23:26:51.381657,327,-242,-65716,5886
2025-06-25T23:26:52.828654,329,-243,-65959,5922
2025-06-25T23:26:54.275963,327,-244,-66203,5886
2025-06-25T23:26:55.722491,327,-245,-66448,5886
2025-06-25T23:26:57.170149,327,-245,-66693,5886
2025-06-25T23:26:58.616809,330,-248,-66941,5940
2025-06-25T23:27:00.063589,329,-247,-67188,5922
2025-06-25T23:27:01.511264,330,-249,-67437,5940
2025-06-25T23:27:02.957651,330,-251,-67688,5940
2025-06-25T23:27:04.405151,330,-252,-67940,5940
2025-06-25T23:27:05.851787,328,-254,-68194,5904
2025-06-25T23:27:07.299433,329,-256,-68450,5922
2025-06-25T23:27:08.745916,327,-220,-68670,5886
2025-06-25T23:27:10.193678,332,-247,-68917,5976
2025-06-25T23:27:11.640207,329,-239,-69156,5922
2025-06-25T23:27:13.087746,331,-244,-69400,5958
2025-06-25T23:27:14.534269,328,-245,-69645,5904
2025-06-25T23:27:15.982051,329,-240,-69885,5922
2025-06-25T23:27:17.428631,329,-238,-70123,5922
2025-06-25T23:27:18.876252,328,-253,-70376,5904
2025-06-25T23:27:20.322778,331,-256,-70632,5958
2025-06-25T23:27:21.770459,329,-259,-70891,5922
2025-06-25T23:27:23.217081,329,-259,-71150,5922
2025-06-25T23:27:24.664786,330,-254,-71404,5940
2025-06-25T23:27:26.111280,332,-252,-71656,5976
2025-06-25T23:27:27.558875,332,-245,-71901,5976
2025-06-25T23:27:29.005441,331,-251,-72152,5958
2025-06-25T23:27:30.453065,331,-255,-72407,5958
2025-06-25T23:27:31.899746,329,-265,-72672,5922
2025-06-25T23:27:33.347487,332,-270,-72942,5976
2025-06-25T23:27:34.793847,331,-270,-73212,5958
2025-06-25T23:27:36.241454,332,-272,-73484,5976
2025-06-25T23:27:37.688232,332,-276,-73760,5976
2025-06-25T23:27:39.135645,333,-273,-74033,5994
2025-06-25T23:27:40.582392,329,-271,-74304,5922
2025-06-25T23:27:42.029926,332,-253,-74557,5976
2025-06-25T23:27:43.476476,329,-265,-74822,5922
2025-06-25T23:27:44.924115,330,-266,-75088,5940
2025-06-25T23:27:46.370620,327,-232,-75320,5886
2025-06-25T23:27:47.818287,329,-249,-75569,5922
2025-06-25T23:27:49.265049,331,-253,-75822,5958
2025-06-25T23:27:50.712503,334,-252,-76074,6012
2025-06-25T23:27:52.159132,327,-234,-76308,5886
2025-06-25T23:27:53.606702,334,-267,-76575,6012
2025-06-25T23:27:55.053352,332,-269,-76844,5976
2025-06-25T23:27:56.500920,335,-278,-77122,6030
2025-06-25T23:27:57.947642,327,-281,-77403,5886
2025-06-25T23:27:59.394164,335,-284,-77687,6030
2025-06-25T23:28:00.841859,335,-284,-77971,6030
2025-06-25T23:28:02.288282,339,-289,-78260,6102
2025-06-25T23:28:03.736004,332,-293,-78553,5976
2025-06-25T23:28:05.182761,335,-296,-78849,6030
2025-06-25T23:28:06.630243,330,-303,-79152,5940
2025-06-25T23:28:08.076800,334,-301,-79453,6012
2025-06-25T23:28:09.524478,334,-305,-79758,6012
2025-06-25T23:28:10.970975,334,-301,-80059,6012
2025-06-25T23:28:12.418630,334,-304,-80363,6012
2025-06-25T23:28:13.865214,331,-304,-80667,5958
2025-06-25T23:28:15.313001,334,-303,-80970,6012
2025-06-25T23:28:16.759646,337,-307,-81277,6066
2025-06-25T23:28:18.207085,333,-306,-81583,5994
2025-06-25T23:28:19.653671,336,-306,-81889,6048
2025-06-25T23:28:21.101233,333,-305,-82194,5994
2025-06-25T23:28:22.547963,331,-308,-82502,5958
2025-06-25T23:28:23.995445,331,-274,-82776,5958
2025-06-25T23:28:25.442161,333,-278,-83054,5994
2025-06-25T23:28:26.889601,330,-278,-83332,5940
2025-06-25T23:28:28.336291,331,-273,-83605,5958
2025-06-25T23:28:29.783890,332,-280,-83885,5976
2025-06-25T23:28:31.230578,333,-277,-84162,5994
2025-06-25T23:28:32.678125,333,-283,-84445,5994
2025-06-25T23:28:34.124757,333,-293,-84738,5994
2025-06-25T23:28:35.572326,334,-291,-85029,6012
2025-06-25T23:28:37.018959,335,-298,-85327,6030
2025-06-25T23:28:38.466558,333,-303,-85630,5994
2025-06-25T23:28:39.913237,332,-305,-85935,5976
2025-06-25T23:28:41.360839,332,-315,-86250,5976
2025-06-25T23:28:42.807407,334,-321,-86571,6012
2025-06-25T23:28:44.254969,336,-323,-86894,6048
2025-06-25T23:28:45.701796,334,-318,-87212,6012
2025-06-25T23:28:47.149288,333,-285,-87497,5994
2025-06-25T23:28:48.595832,334,-287,-87784,6012
2025-06-25T23:28:50.043367,331,-292,-88076,5958
2025-06-25T23:28:51.489966,333,-303,-88379,5994
2025-06-25T23:28:52.937722,337,-314,-88693,6066
2025-06-25T23:28:54.384181,332,-280,-88973,5976
2025-06-25T23:28:55.831886,333,-278,-89251,5994
2025-06-25T23:28:57.278553,332,-272,-89523,5976
2025-06-25T23:28:58.889036,330,-268,-268,5940
2025-06-25T23:29:00.332837,334,-271,-539,6012
2025-06-25T23:29:01.775279,332,-272,-811,5976
2025-06-25T23:29:03.219942,333,-272,-1083,5994
2025-06-25T23:29:04.662599,333,-276,-1359,5994
2025-06-25T23:29:06.106250,336,-335,-1694,6048
2025-06-25T23:29:07.552742,336,-336,-2030,6048
2025-06-25T23:29:08.996465,337,-340,-2370,6066
2025-06-25T23:29:10.443014,333,-321,-2691,5994
2025-06-25T23:29:11.886473,336,-329,-3020,6048
2025-06-25T23:29:13.333273,331,-335,-3355,5958
2025-06-25T23:29:14.776746,337,-339,-3694,6066
2025-06-25T23:29:16.223445,331,-325,-4019,5958
2025-06-25T23:29:17.666927,336,-346,-4365,6048
2025-06-25T23:29:19.113689,335,-347,-4712,6030
2025-06-25T23:29:20.557180,335,-349,-5061,6030
2025-06-25T23:29:22.003769,336,-350,-5411,6048
2025-06-25T23:29:23.447384,334,-352,-5763,6012
2025-06-25T23:29:24.893929,337,-353,-6116,6066
2025-06-25T23:29:26.336572,338,-355,-6471,6084
2025-06-25T23:29:27.780206,338,-357,-6828,6084
2025-06-25T23:29:29.222888,336,-359,-7187,6048
2025-06-25T23:29:30.666467,337,-360,-7547,6066
2025-06-25T23:29:32.112959,338,-362,-7909,6084
2025-06-25T23:29:33.556577,336,-365,-8274,6048
2025-06-25T23:29:35.003072,335,-364,-8638,6030
2025-06-25T23:29:36.446858,333,-372,-9010,5994
2025-06-25T23:29:37.893486,340,-373,-9383,6120
2025-06-25T23:29:39.336981,337,-372,-9755,6066
2025-06-25T23:29:40.784745,340,-373,-10128,6120
2025-06-25T23:29:42.234103,334,-374,-10502,6012
2025-06-25T23:29:43.678945,341,-375,-10877,6138
2025-06-25T23:29:45.126535,338,-376,-11253,6084
2025-06-25T23:29:46.573116,339,-379,-11632,6102
2025-06-25T23:29:48.019688,338,-378,-12010,6084
2025-06-25T23:29:49.467312,342,-380,-12390,6156
2025-06-25T23:29:50.913983,338,-381,-12771,6084
2025-06-25T23:29:52.361525,338,-384,-13155,6084
2025-06-25T23:29:53.808238,335,-386,-13541,6030
2025-06-25T23:29:55.255890,338,-387,-13928,6084
2025-06-25T23:29:56.702275,338,-389,-14317,6084
2025-06-25T23:29:58.149989,341,-392,-14709,6138
2025-06-25T23:29:59.596609,334,-393,-15102,6012
2025-06-25T23:30:01.044074,339,-393,-15495,6102
2025-06-25T23:30:02.490934,341,-395,-15890,6138
2025-06-25T23:30:03.938326,338,-397,-16287,6084
2025-06-25T23:30:05.384930,338,-400,-16687,6084
2025-06-25T23:30:06.832626,341,-402,-17089,6138
2025-06-25T23:30:08.279266,338,-404,-17493,6084
2025-06-25T23:30:09.726730,339,-405,-17898,6102
2025-06-25T23:30:11.173407,336,-405,-18303,6048
2025-06-25T23:30:12.620998,335,-406,-18709,6030
2025-06-25T23:30:14.067581,337,-408,-19117,6066
2025-06-25T23:30:15.515502,341,-411,-19528,6138
2025-06-25T23:30:16.961838,338,-415,-19943,6084
2025-06-25T23:30:18.409534,339,-415,-20358,6102
2025-06-25T23:30:19.856067,342,-417,-20775,6156
2025-06-25T23:30:21.303728,342,-413,-21188,6156
2025-06-25T23:30:22.750186,338,-414,-21602,6084
2025-06-25T23:30:24.197859,338,-421,-22023,6084
2025-06-25T23:30:25.644379,341,-423,-22446,6138
2025-06-25T23:30:27.092139,342,-425,-22871,6156
2025-06-25T23:30:28.538674,340,-425,-23296,6120
2025-06-25T23:30:29.986366,342,-428,-23724,6156
2025-06-25T23:30:31.432935,341,-429,-24153,6138
2025-06-25T23:30:32.880874,340,-432,-24585,6120
2025-06-25T23:30:34.327077,343,-434,-25019,6174
2025-06-25T23:30:35.774682,344,-434,-25453,6192
2025-06-25T23:30:37.221273,339,-435,-25888,6102
2025-06-25T23:30:38.668783,342,-436,-26324,6156
2025-06-25T23:30:40.115513,340,-439,-26763,6120
2025-06-25T23:30:41.563199,342,-442,-27205,6156
2025-06-25T23:30:43.009644,339,-441,-27646,6102
2025-06-25T23:30:44.456417,342,-444,-28090,6156
2025-06-25T23:30:45.903904,342,-446,-28536,6156
2025-06-25T23:30:47.351481,341,-443,-28979,6138
2025-06-25T23:30:48.798430,344,-444,-29423,6192
2025-06-25T23:30:50.244787,344,-448,-29871,6192
2025-06-25T23:30:51.692377,341,-456,-30327,6138
2025-06-25T23:30:53.138889,344,-454,-30781,6192
2025-06-25T23:30:54.586546,340,-451,-31232,6120
2025-06-25T23:30:56.033093,342,-452,-31684,6156
2025-06-25T23:30:57.481347,341,-454,-32138,6138
2025-06-25T23:30:58.928386,345,-461,-32599,6210
2025-06-25T23:31:00.375006,342,-462,-33061,6156
2025-06-25T23:31:01.821933,342,-466,-33527,6156
2025-06-25T23:31:03.269165,342,-469,-33996,6156
2025-06-25T23:31:04.715739,347,-477,-34473,6246
2025-06-25T23:31:06.163363,343,-471,-34944,6174
2025-06-25T23:31:07.610057,343,-469,-35413,6174
2025-06-25T23:31:09.057677,340,-474,-35887,6120
2025-06-25T23:31:10.504351,344,-482,-36369,6192
2025-06-25T23:31:11.951814,342,-476,-36845,6156
2025-06-25T23:31:13.398481,346,-480,-37325,6228
2025-06-25T23:31:14.846123,342,-484,-37809,6156
2025-06-25T23:31:16.292692,343,-482,-38291,6174
2025-06-25T23:31:17.740331,345,-482,-38773,6210
2025-06-25T23:31:19.186932,344,-488,-39261,6192
2025-06-25T23:31:20.634477,343,-461,-39722,6174
2025-06-25T23:31:22.081096,344,-462,-40184,6192
2025-06-25T23:31:23.528730,347,-500,-40684,6246
2025-06-25T23:31:24.975289,345,-503,-41187,6210
2025-06-25T23:31:26.422898,345,-503,-41690,6210
2025-06-25T23:31:27.869622,348,-507,-42197,6264
2025-06-25T23:31:29.317143,344,-513,-42710,6192
2025-06-25T23:31:30.763715,343,-510,-43220,6174
2025-06-25T23:31:32.211434,343,-518,-43738,6174
2025-06-25T23:31:33.657943,345,-519,-44257,6210
2025-06-25T23:31:35.105577,346,-522,-44779,6228
2025-06-25T23:31:36.552222,346,-524,-45303,6228
2025-06-25T23:31:37.999825,343,-527,-45830,6174
2025-06-25T23:31:39.446390,347,-532,-46362,6246
2025-06-25T23:31:40.894003,342,-530,-46892,6156
2025-06-25T23:31:42.340651,348,-536,-47428,6264
2025-06-25T23:31:43.788286,344,-536,-47964,6192
2025-06-25T23:31:45.234800,345,-531,-48495,6210
2025-06-25T23:31:46.682412,349,-524,-49019,6282
2025-06-25T23:31:48.129076,349,-525,-49544,6282
2025-06-25T23:31:49.575614,347,-521,-50065,6246
2025-06-25T23:31:51.023187,350,-533,-50598,6300
2025-06-25T23:31:52.469884,350,-529,-51127,6300
2025-06-25T23:31:53.917502,347,-522,-51649,6246
2025-06-25T23:31:55.364064,345,-481,-52130,6210
2025-06-25T23:31:56.811667,346,-472,-52602,6228
2025-06-25T23:31:58.258307,344,-469,-53071,6192
2025-06-25T23:31:59.705892,346,-473,-53544,6228
2025-06-25T23:32:01.152276,350,-545,-54089,6300
2025-06-25T23:32:02.599915,349,-575,-54664,6282
2025-06-25T23:32:04.046652,347,-582,-55246,6246
2025-06-25T23:32:05.494249,353,-585,-55831,6354
2025-06-25T23:32:06.940728,351,-593,-56424,6318
2025-06-25T23:32:08.388494,351,-595,-57019,6318
2025-06-25T23:32:09.835156,345,-595,-57614,6210
2025-06-25T23:32:11.282770,353,-599,-58213,6354
2025-06-25T23:32:12.729340,347,-606,-58819,6246
2025-06-25T23:32:14.177054,350,-607,-59426,6300
2025-06-25T23:32:15.623572,350,-614,-60040,6300
2025-06-25T23:32:17.070994,350,-615,-60655,6300
2025-06-25T23:32:18.517696,353,-624,-61279,6354
2025-06-25T23:32:19.965375,354,-628,-61907,6372
2025-06-25T23:32:21.412006,355,-630,-62537,6390
2025-06-25T23:32:22.859526,354,-632,-63169,6372
2025-06-25T23:32:24.306262,349,-639,-63808,6282
2025-06-25T23:32:25.753708,353,-644,-64452,6354
2025-06-25T23:32:27.200347,351,-651,-65103,6318
2025-06-25T23:32:28.648121,350,-652,-65755,6300
2025-06-25T23:32:30.094622,352,-657,-66412,6336
2025-06-25T23:32:31.542331,356,-668,-67080,6408
2025-06-25T23:32:32.988797,353,-673,-67753,6354
2025-06-25T23:32:34.436414,353,-677,-68430,6354
2025-06-25T23:32:35.882944,351,-683,-69113,6318
2025-06-25T23:32:37.330554,357,-684,-69797,6426
2025-06-25T23:32:38.777083,353,-691,-70488,6354
2025-06-25T23:32:40.224768,356,-695,-71183,6408
2025-06-25T23:32:41.671445,354,-699,-71882,6372
2025-06-25T23:32:43.118951,357,-710,-72592,6426
2025-06-25T23:32:44.565915,357,-711,-73303,6426
2025-06-25T23:32:46.012257,356,-714,-74017,6408
2025-06-25T23:32:47.459856,360,-718,-74735,6480
2025-06-25T23:32:48.907423,358,-724,-75459,6444
2025-06-25T23:32:50.353952,357,-730,-76189,6426
2025-06-25T23:32:51.801619,356,-739,-76928,6408
2025-06-25T23:32:53.248315,360,-740,-77668,6480
2025-06-25T23:32:54.694845,359,-748,-78416,6462
2025-06-25T23:32:56.142518,354,-754,-79170,6372
2025-06-25T23:32:57.588996,358,-762,-79932,6444
2025-06-25T23:32:59.036714,353,-761,-80693,6354
2025-06-25T23:33:00.483325,362,-769,-81462,6516
2025-06-25T23:33:01.930988,358,-776,-82238,6444
2025-06-25T23:33:03.377584,358,-783,-83021,6444
2025-06-25T23:33:04.824983,357,-786,-83807,6426
2025-06-25T23:33:06.271692,361,-795,-84602,6498
2025-06-25T23:33:07.719289,360,-798,-85400,6480
2025-06-25T23:33:09.166059,358,-809,-86209,6444
2025-06-25T23:33:10.613675,360,-817,-87026,6480
2025-06-25T23:33:12.060130,363,-825,-87851,6534
2025-06-25T23:33:13.507959,363,-831,-88682,6534
2025-06-25T23:33:14.954304,364,-846,-89528,6552
2025-06-25T23:33:16.401837,365,-848,-90376,6570
2025-06-25T23:33:17.848806,368,-855,-91231,6624
2025-06-25T23:33:19.296239,363,-863,-92094,6534
2025-06-25T23:33:20.742811,364,-874,-92968,6552
2025-06-25T23:33:22.190304,366,-880,-93848,6588
2025-06-25T23:33:23.636972,365,-891,-94739,6570
2025-06-25T23:33:25.084520,363,-899,-95638,6534
2025-06-25T23:33:26.531043,366,-908,-96546,6588
2025-06-25T23:33:27.978798,366,-916,-97462,6588
2025-06-25T23:33:29.425432,370,-922,-98384,6660
2025-06-25T23:33:30.873103,362,-929,-99313,6516
2025-06-25T23:33:32.320502,367,-940,-100253,6606
2025-06-25T23:33:33.768343,366,-945,-101198,6588
2025-06-25T23:33:35.214878,369,-958,-102156,6642
2025-06-25T23:33:36.662422,367,-963,-103119,6606
2025-06-25T23:33:38.109145,373,-977,-104096,6714
2025-06-25T23:33:39.556707,366,-990,-105086,6588
2025-06-25T23:33:41.003353,366,-998,-106084,6588
2025-06-25T23:33:42.452016,371,-1012,-107096,6678
2025-06-25T23:33:43.898564,373,-1026,-108122,6714
2025-06-25T23:33:45.346143,371,-1034,-109156,6678
2025-06-25T23:33:46.792693,371,-1050,-110206,6678
2025-06-25T23:33:48.240371,372,-1057,-111263,6696
2025-06-25T23:33:49.686880,375,-1076,-112339,6750
2025-06-25T23:33:51.133600,377,-1089,-113428,6786
2025-06-25T23:33:52.581136,375,-1104,-114532,6750
2025-06-25T23:33:54.027766,373,-1120,-115652,6714
2025-06-25T23:33:55.475348,375,-1134,-116786,6750
2025-06-25T23:33:56.922030,375,-1146,-117932,6750
2025-06-25T23:33:58.377094,376,-1168,-119100,6768
2025-06-25T23:33:59.816065,375,-1180,-120280,6750
2025-06-25T23:34:01.263721,376,-1195,-121475,6768
2025-06-25T23:34:02.710429,378,-1211,-122686,6804
2025-06-25T23:34:04.157950,381,-1227,-123913,6858
2025-06-25T23:34:05.604497,380,-1236,-125149,6840
2025-06-25T23:34:07.052199,382,-1255,-126404,6876
2025-06-25T23:34:08.498803,382,-1276,-127680,6876
2025-06-25T23:34:09.946496,381,-1283,-128963,6858
2025-06-25T23:34:11.393118,384,-1308,-130271,6912
2025-06-25T23:34:12.840701,381,-1332,-131603,6858
2025-06-25T23:34:14.287256,387,-1345,-132948,6966
2025-06-25T23:34:15.734860,394,-1369,-134317,7092
2025-06-25T23:34:17.181450,385,-1383,-135700,6930
2025-06-25T23:34:18.629135,393,-1407,-137107,7074
2025-06-25T23:34:20.075668,389,-1431,-138538,7002
2025-06-25T23:34:21.523325,386,-1454,-139992,6948
2025-06-25T23:34:22.969836,388,-1477,-141469,6984
2025-06-25T23:34:24.417402,392,-1498,-142967,7056
2025-06-25T23:34:25.863935,391,-1518,-144485,7038
2025-06-25T23:34:27.311674,392,-1550,-146035,7056
2025-06-25T23:34:28.758279,395,-1575,-147610,7110
2025-06-25T23:34:30.205957,396,-1594,-149204,7128
2025-06-25T23:34:31.652370,391,-1633,-150837,7038
2025-06-25T23:34:33.099962,397,-1666,-152503,7146
2025-06-25T23:34:34.546670,394,-1706,-154209,7092
2025-06-25T23:34:35.994204,404,-1736,-155945,7272
2025-06-25T23:34:37.440880,401,-1777,-157722,7218
2025-06-25T23:34:38.888493,407,-1809,-159531,7326
2025-06-25T23:34:40.335040,405,-1847,-161378,7290
2025-06-25T23:34:41.782745,406,-1891,-163269,7308
2025-06-25T23:34:43.229382,409,-1924,-165193,7362
2025-06-25T23:34:44.677015,415,-1973,-167166,7470
2025-06-25T23:34:46.123437,415,-2032,-169198,7470
2025-06-25T23:34:47.570085,413,-2067,-171265,7434
2025-06-25T23:34:49.017806,414,-2147,-173412,7452
2025-06-25T23:34:50.465273,419,-2222,-175634,7542
2025-06-25T23:34:51.911873,419,-2293,-177927,7542
2025-06-25T23:34:53.359596,427,-2426,-180353,7686
2025-06-25T23:34:54.806224,427,-2530,-182883,7686
2025-06-25T23:34:56.253742,429,-2671,-185554,7722
2025-06-25T23:34:57.700271,431,-2834,-188388,7758
2025-06-25T23:34:59.147197,437,-3043,-191431,7866
2025-06-25T23:35:00.594573,437,-3301,-194732,7866
2025-06-25T23:35:02.041235,442,-3675,-198407,7956
2025-06-25T23:35:03.488732,444,-4585,-202992,7992
2025-06-25T23:35:04.936330,480,-15155,-218147,8640
2025-06-25T23:35:06.383937,487,-14980,-233127,8766
2025-06-25T23:35:07.830833,485,-14910,-248037,8730
2025-06-25T23:35:09.278269,485,-14748,-262785,8730
2025-06-25T23:35:10.724813,487,-14549,-277334,8766
2025-06-25T23:35:12.172398,487,-14235,-291569,8766
2025-06-25T23:35:13.618960,487,-14130,-305699,8766
2025-06-25T23:35:15.066670,487,-13973,-319672,8766
2025-06-25T23:35:16.513175,489,-13791,-333463,8802
2025-06-25T23:35:17.960870,492,-13579,-347042,8856
2025-06-25T23:35:19.411431,493,-13459,-360501,8874
2025-06-25T23:35:20.859085,493,-13252,-373753,8874
2025-06-25T23:35:22.305568,487,-13080,-386833,8766
2025-06-25T23:35:23.753200,495,-12899,-399732,8910
2025-06-25T23:35:25.203824,504,-12861,-412593,9072
2025-06-25T23:35:26.651536,495,-12672,-425265,8910
2025-06-25T23:35:28.102068,499,-12462,-437727,8982
2025-06-25T23:35:29.549750,500,-12287,-450014,9000
2025-06-25T23:35:31.000341,494,-12054,-462068,8892
2025-06-25T23:35:32.447869,502,-11877,-473945,9036
2025-06-25T23:35:33.894654,504,-11689,-485634,9072
2025-06-25T23:35:35.342227,501,-11519,-497153,9018
2025-06-25T23:35:36.792785,506,-11316,-508469,9108
2025-06-25T23:35:38.240409,503,-11121,-519590,9054
2025-06-25T23:35:39.691045,509,-10929,-530519,9162
2025-06-25T23:35:41.138515,508,-10743,-541262,9144
2025-06-25T23:35:42.589285,506,-10473,-551735,9108
2025-06-25T23:35:44.036741,509,-10224,-561959,9162
2025-06-25T23:35:45.483407,511,-10010,-571969,9198
2025-06-25T23:35:46.930033,510,-9806,-581775,9180
2025-06-25T23:35:48.376494,507,-9583,-591358,9126
2025-06-25T23:35:49.824251,513,-9389,-600747,9234
2025-06-25T23:35:51.270872,516,-9235,-609982,9288
2025-06-25T23:35:52.718467,513,-9057,-619039,9234
2025-06-25T23:35:54.164970,511,-8933,-627972,9198
2025-06-25T23:35:55.612668,516,-8747,-636719,9288
2025-06-25T23:35:57.059181,519,-8679,-645398,9342
2025-06-25T23:35:58.506847,516,-8545,-653943,9288
2025-06-25T23:35:59.953356,517,-8421,-662364,9306
2025-06-25T23:36:01.400916,516,-8244,-670608,9288
2025-06-25T23:36:02.847739,515,-8126,-678734,9270
2025-06-25T23:36:04.295295,520,-8022,-686756,9360
2025-06-25T23:36:05.741724,518,-7894,-694650,9324
2025-06-25T23:36:07.189422,517,-7683,-702333,9306
2025-06-25T23:36:08.636127,514,-7615,-709948,9252
2025-06-25T23:36:10.083560,521,-7544,-717492,9378
2025-06-25T23:36:11.530236,520,-7504,-724996,9360
2025-06-25T23:36:12.977868,522,-7491,-732487,9396
2025-06-25T23:36:14.424590,522,-7295,-739782,9396
2025-06-25T23:36:15.872168,522,-7449,-747231,9396
2025-06-25T23:36:17.318587,519,-7453,-754684,9342
2025-06-25T23:36:18.766260,518,-6852,-761536,9324
2025-06-25T23:36:20.212953,512,-6508,-768044,9216
2025-06-25T23:36:21.659504,516,-6391,-774435,9288
2025-06-25T23:36:23.107106,515,-6551,-780986,9270
2025-06-25T23:36:24.554736,514,-6025,-787011,9252
2025-06-25T23:36:26.001337,511,-6255,-793266,9198
2025-06-25T23:36:27.447938,514,-6174,-799440,9252
2025-06-25T23:36:28.895652,521,-7071,-806511,9378
2025-06-25T23:36:30.342019,515,-6394,-812905,9270
2025-06-25T23:36:31.789743,517,-6355,-819260,9306
2025-06-25T23:36:33.236448,510,-6018,-825278,9180
2025-06-25T23:36:34.684034,512,-6195,-831473,9216
2025-06-25T23:36:36.130562,514,-6390,-837863,9252
2025-06-25T23:36:37.578257,514,-6315,-844178,9252
2025-06-25T23:36:39.024853,517,-6874,-851052,9306
2025-06-25T23:36:40.472448,518,-6675,-857727,9324
2025-06-25T23:36:41.918988,512,-6364,-864091,9216
2025-06-25T23:36:43.366614,512,-6746,-870837,9216
2025-06-25T23:36:44.813261,515,-6550,-877387,9270
2025-06-25T23:36:46.260829,520,-6790,-884177,9360
2025-06-25T23:36:47.708234,510,-6104,-890281,9180
2025-06-25T23:36:49.155081,519,-6552,-896833,9342
2025-06-25T23:36:50.601687,513,-6323,-903156,9234
2025-06-25T23:36:52.049275,512,-5670,-908826,9216
2025-06-25T23:36:53.495865,513,-5754,-914580,9234
2025-06-25T23:36:54.943542,513,-6047,-920627,9234
2025-06-25T23:36:56.390050,515,-7069,-927696,9270
2025-06-25T23:36:57.837810,510,-6311,-934007,9180
2025-06-25T23:36:59.284302,518,-6244,-940251,9324
2025-06-25T23:37:00.731854,518,-5944,-946195,9324
2025-06-25T23:37:02.178407,512,-5534,-951729,9216
2025-06-25T23:37:03.626121,510,-5831,-957560,9180
2025-06-25T23:37:05.072717,517,-6122,-963682,9306
2025-06-25T23:37:06.521317,534,-15669,-979351,9612
2025-06-25T23:37:07.971905,538,-15675,-995026,9684
2025-06-25T23:37:09.420574,534,-15755,-1010781,9612
2025-06-25T23:37:10.871165,530,-15756,-1026537,9540
2025-06-25T23:37:12.322772,538,-15713,-1042250,9684
2025-06-25T23:37:13.773457,535,-15750,-1058000,9630
2025-06-25T23:37:15.224999,539,-15790,-1073790,9702
2025-06-25T23:37:16.675828,533,-15815,-1089605,9594
2025-06-25T23:37:18.127249,533,-15794,-1105399,9594
2025-06-25T23:37:19.577734,536,-15814,-1121213,9648
2025-06-25T23:37:21.031963,534,-15853,-1137066,9612
2025-06-25T23:37:22.480047,533,-15879,-1152945,9594
2025-06-25T23:37:23.931547,532,-15866,-1168811,9576
2025-06-25T23:37:25.382181,528,-15844,-1184655,9504
2025-06-25T23:37:26.833717,531,-15905,-1200560,9558
2025-06-25T23:37:28.284314,537,-15863,-1216423,9666
2025-06-25T23:37:29.736007,534,-15926,-1232349,9612
2025-06-25T23:37:31.186598,534,-15934,-1248283,9612
2025-06-25T23:37:32.638168,527,-15908,-1264191,9486
2025-06-25T23:37:34.089674,531,-15902,-1280093,9558
2025-06-25T23:37:35.540383,528,-15948,-1296041,9504
2025-06-25T23:37:36.992022,535,-15915,-1311956,9630
2025-06-25T23:37:38.442688,534,-15927,-1327883,9612
2025-06-25T23:37:39.894107,534,-15920,-1343803,9612
2025-06-25T23:37:41.344861,529,-15925,-1359728,9522
2025-06-25T23:37:42.796443,528,-15951,-1375679,9504
2025-06-25T23:37:44.246988,531,-16028,-1391707,9558
2025-06-25T23:37:45.698526,531,-15992,-1407699,9558
2025-06-25T23:37:47.149214,530,-16036,-1423735,9540
2025-06-25T23:37:48.600786,526,-15987,-1439722,9468
2025-06-25T23:37:50.051458,526,-16078,-1455800,9468
2025-06-25T23:37:51.503046,528,-15992,-1471792,9504
2025-06-25T23:37:52.953559,524,-15943,-1487735,9432
2025-06-25T23:37:54.405305,529,-16020,-1503755,9522
2025-06-25T23:37:55.855891,530,-16048,-1519803,9540
2025-06-25T23:37:57.307449,533,-16058,-1535861,9594
2025-06-25T23:37:58.758096,530,-16078,-1551939,9540
2025-06-25T23:38:00.209740,530,-16032,-1567971,9540
2025-06-25T23:38:01.660290,526,-16108,-1584079,9468
2025-06-25T23:38:03.111907,525,-16043,-1600122,9450
2025-06-25T23:38:04.562540,525,-16102,-1616224,9450
2025-06-25T23:38:06.013989,522,-16086,-1632310,9396
2025-06-25T23:38:07.464649,523,-16097,-1648407,9414
2025-06-25T23:38:08.916207,526,-16056,-1664463,9468
2025-06-25T23:38:10.377357,525,-16097,-1680560,9450
2025-06-25T23:38:11.818483,530,-16057,-1696617,9540
2025-06-25T23:38:13.270021,528,-16090,-1712707,9504
2025-06-25T23:38:14.720632,523,-16107,-1728814,9414
2025-06-25T23:38:16.172337,527,-16105,-1744919,9486
2025-06-25T23:38:17.622780,527,-16106,-1761025,9486
2025-06-25T23:38:19.074555,531,-16083,-1777108,9558
2025-06-25T23:38:20.525208,524,-16079,-1793187,9432
2025-06-25T23:38:21.976687,521,-16175,-1809362,9378
2025-06-25T23:38:23.427411,530,-16084,-1825446,9540
2025-06-25T23:38:24.879007,526,-16069,-1841515,9468
2025-06-25T23:38:26.329601,528,-16121,-1857636,9504
2025-06-25T23:38:27.781051,525,-16148,-1873784,9450
2025-06-25T23:38:29.231759,532,-16121,-1889905,9576
2025-06-25T23:38:30.683382,523,-16086,-1905991,9414
2025-06-25T23:38:32.134027,528,-16166,-1922157,9504
2025-06-25T23:38:33.585585,525,-14834,-1936991,9450
2025-06-25T23:38:35.035271,505,-4885,-1941876,9090
2025-06-25T23:38:36.485638,508,-5992,-1947868,9144
2025-06-25T23:38:37.933505,509,-5704,-1953572,9162
2025-06-25T23:38:39.381043,507,-5586,-1959158,9126
2025-06-25T23:38:40.827578,512,-5698,-1964856,9216
2025-06-25T23:38:42.275177,505,-5521,-1970377,9090
2025-06-25T23:38:43.725821,512,-5657,-1976034,9216
2025-06-25T23:38:45.173442,504,-6018,-1982052,9072
2025-06-25T23:38:46.624013,508,-5910,-1987962,9144
2025-06-25T23:38:48.071603,507,-5577,-1993539,9126
2025-06-25T23:38:49.522274,510,-5820,-1999359,9180
2025-06-25T23:38:50.969745,504,-5384,-2004743,9072
2025-06-25T23:38:52.416486,506,-5460,-2010203,9108
2025-06-25T23:38:53.864152,509,-5621,-2015824,9162
2025-06-25T23:38:55.314698,507,-6226,-2022050,9126
2025-06-25T23:38:56.762301,509,-6828,-2028878,9162
2025-06-25T23:38:58.212829,514,-6710,-2035588,9252
2025-06-25T23:38:59.660367,508,-7073,-2042661,9144
2025-06-25T23:39:01.111095,510,-6854,-2049515,9180
2025-06-25T23:39:02.558622,512,-7124,-2056639,9216
2025-06-25T23:39:04.005320,506,-6514,-2063153,9108
2025-06-25T23:39:05.452864,510,-6467,-2069620,9180
2025-06-25T23:39:06.903468,508,-6342,-2075962,9144
2025-06-25T23:39:08.351032,507,-6569,-2082531,9126
2025-06-25T23:39:09.801577,508,-6078,-2088609,9144
2025-06-25T23:39:11.249141,506,-5826,-2094435,9108
2025-06-25T23:39:12.699767,508,-5767,-2100202,9144
2025-06-25T23:39:14.147350,503,-6063,-2106265,9054
2025-06-25T23:39:15.594088,504,-6500,-2112765,9072
2025-06-25T23:39:17.041639,512,-6337,-2119102,9216
2025-06-25T23:39:18.492273,507,-5548,-2124650,9126
2025-06-25T23:39:19.940050,506,-5606,-2130256,9108
2025-06-25T23:39:21.390437,511,-5764,-2136020,9198
2025-06-25T23:39:22.838044,506,-5446,-2141466,9108
2025-06-25T23:39:24.288803,506,-5485,-2146951,9108
2025-06-25T23:39:25.736261,503,-5122,-2152073,9054
2025-06-25T23:39:27.182974,509,-5660,-2157733,9162
2025-06-25T23:39:28.630462,505,-4828,-2162561,9090
2025-06-25T23:39:30.080995,508,-5165,-2167726,9144
2025-06-25T23:39:31.528703,504,-5020,-2172746,9072
2025-06-25T23:39:32.979234,505,-5120,-2177866,9090
2025-06-25T23:39:34.426887,503,-5165,-2183031,9054
2025-06-25T23:39:35.877496,505,-5830,-2188861,9090
2025-06-25T23:39:37.325130,506,-5397,-2194258,9108
2025-06-25T23:39:38.771695,506,-5736,-2199994,9108
2025-06-25T23:39:40.219405,506,-5745,-2205739,9108
2025-06-25T23:39:41.669921,507,-5866,-2211605,9126
2025-06-25T23:39:43.117498,510,-5880,-2217485,9180
2025-06-25T23:39:44.568240,506,-6387,-2223872,9108
2025-06-25T23:39:46.015701,509,-6729,-2230601,9162
2025-06-25T23:39:47.466266,511,-6796,-2237397,9198
2025-06-25T23:39:48.913944,510,-6664,-2244061,9180
2025-06-25T23:39:50.360609,509,-6882,-2250943,9162
2025-06-25T23:39:51.808142,506,-6248,-2257191,9108
2025-06-25T23:39:53.258654,509,-6099,-2263290,9162
2025-06-25T23:39:54.706275,509,-5473,-2268763,9162
2025-06-25T23:39:56.156892,504,-5876,-2274639,9072
2025-06-25T23:39:57.604519,502,-5290,-2279929,9036
2025-06-25T23:39:59.055198,506,-5749,-2285678,9108
2025-06-25T23:40:00.502720,509,-6977,-2292655,9162
2025-06-25T23:40:01.949423,508,-6172,-2298827,9144
2025-06-25T23:40:03.397069,508,-5962,-2304789,9144
2025-06-25T23:40:04.847676,511,-5030,-2309819,9198
2025-06-25T23:40:06.305321,507,-6848,-2316667,9126
2025-06-25T23:40:07.745903,506,-5864,-2322531,9108
2025-06-25T23:40:09.193373,504,-5609,-2328140,9072
2025-06-25T23:40:10.644061,507,-5364,-2333504,9126
2025-06-25T23:40:12.091570,503,-5329,-2338833,9054
2025-06-25T23:40:13.538127,508,-6102,-2344935,9144
2025-06-25T23:40:14.985688,496,-5675,-2350610,8928
2025-06-25T23:40:16.436343,509,-5401,-2356011,9162
2025-06-25T23:40:17.883890,503,-5630,-2361641,9054
2025-06-25T23:40:19.334769,508,-5191,-2366832,9144
2025-06-25T23:40:20.782287,503,-5107,-2371939,9054
2025-06-25T23:40:22.232923,501,-5287,-2377226,9018
2025-06-25T23:40:23.680548,501,-5266,-2382492,9018
2025-06-25T23:40:25.126983,507,-5995,-2388487,9126
2025-06-25T23:40:26.574686,503,-5784,-2394271,9054
2025-06-25T23:40:28.025312,512,-5752,-2400023,9216
2025-06-25T23:40:29.472844,509,-7359,-2407382,9162
2025-06-25T23:40:30.923448,514,-8246,-2415628,9252
2025-06-25T23:40:32.370988,505,-5860,-2421488,9090
2025-06-25T23:40:33.821639,507,-6324,-2427812,9126
2025-06-25T23:40:35.269280,500,-6012,-2433824,9000
2025-06-25T23:40:36.716113,503,-6364,-2440188,9054
2025-06-25T23:40:38.163539,508,-5697,-2445885,9144
2025-06-25T23:40:39.614205,506,-5848,-2451733,9108
2025-06-25T23:40:41.061893,505,-6273,-2458006,9090
2025-06-25T23:40:42.512554,506,-6596,-2464602,9108
2025-06-25T23:40:43.959769,505,-6245,-2470847,9090
2025-06-25T23:40:45.410589,506,-6098,-2476945,9108
2025-06-25T23:40:46.858081,502,-5750,-2482695,9036
2025-06-25T23:40:48.304711,506,-5596,-2488291,9108
2025-06-25T23:40:49.752286,501,-5988,-2494279,9018
2025-06-25T23:40:51.202943,505,-5694,-2499973,9090
2025-06-25T23:40:52.650499,503,-5634,-2505607,9054
2025-06-25T23:40:54.101066,504,-5640,-2511247,9072
2025-06-25T23:40:55.548766,503,-5511,-2516758,9054
2025-06-25T23:40:56.999331,510,-5544,-2522302,9180
2025-06-25T23:40:58.446893,509,-5176,-2527478,9162
2025-06-25T23:40:59.893563,503,-5538,-2533016,9054
2025-06-25T23:41:01.341252,504,-5216,-2538232,9072
2025-06-25T23:41:02.791828,513,-8530,-2546762,9234
2025-06-25T23:41:04.239317,517,-8910,-2555672,9306
2025-06-25T23:41:05.690085,515,-8763,-2564435,9270
2025-06-25T23:41:07.137763,510,-6869,-2571304,9180
2025-06-25T23:41:08.588201,507,-4988,-2576292,9126
2025-06-25T23:41:10.035755,503,-4951,-2581243,9054
2025-06-25T23:41:11.482283,504,-5022,-2586265,9072
2025-06-25T23:41:12.930035,505,-4484,-2590749,9090
2025-06-25T23:41:14.380523,499,-4482,-2595231,8982
2025-06-25T23:41:15.828198,505,-4975,-2600206,9090
2025-06-25T23:41:17.278949,505,-5081,-2605287,9090
2025-06-25T23:41:18.726378,503,-4187,-2609474,9054
2025-06-25T23:41:20.176992,503,-4995,-2614469,9054
2025-06-25T23:41:21.624522,505,-4723,-2619192,9090
2025-06-25T23:41:23.071208,502,-4225,-2623417,9036
2025-06-25T23:41:24.518852,501,-4600,-2628017,9018
2025-06-25T23:41:25.969420,504,-4076,-2632093,9072
2025-06-25T23:41:27.416955,503,-5099,-2637192,9054
2025-06-25T23:41:28.867711,506,-4721,-2641913,9108
2025-06-25T23:41:30.315225,502,-4463,-2646376,9036
2025-06-25T23:41:31.765941,508,-4136,-2650512,9144
2025-06-25T23:41:33.213630,499,-4055,-2654567,8982
2025-06-25T23:41:34.660052,498,-4126,-2658693,8964
2025-06-25T23:41:36.107672,503,-3825,-2662518,9054
2025-06-25T23:41:37.558200,503,-4309,-2666827,9054
2025-06-25T23:41:39.005756,504,-4608,-2671435,9072
2025-06-25T23:41:40.456362,504,-4657,-2676092,9072
2025-06-25T23:41:41.904082,500,-4360,-2680452,9000
2025-06-25T23:41:43.354696,502,-4390,-2684842,9036
2025-06-25T23:41:44.802286,506,-4519,-2689361,9108
2025-06-25T23:41:46.248848,504,-4845,-2694206,9072
2025-06-25T23:41:47.696638,501,-4230,-2698436,9018
2025-06-25T23:41:49.147212,501,-4288,-2702724,9018
2025-06-25T23:41:50.594715,506,-4718,-2707442,9108
2025-06-25T23:41:52.045404,505,-4812,-2712254,9090
2025-06-25T23:41:53.492874,502,-4994,-2717248,9036
2025-06-25T23:41:54.943467,503,-4691,-2721939,9054
2025-06-25T23:41:56.391099,507,-4534,-2726473,9126
2025-06-25T23:41:57.837716,506,-4060,-2730533,9108
2025-06-25T23:41:59.285249,508,-4791,-2735324,9144
2025-06-25T23:42:00.735961,510,-6059,-2741383,9180
2025-06-25T23:42:02.183541,505,-6240,-2747623,9090
2025-06-25T23:42:03.634085,508,-5495,-2753118,9144
2025-06-25T23:42:05.081674,502,-4380,-2757498,9036
2025-06-25T23:42:06.532242,508,-4339,-2761837,9144
2025-06-25T23:42:07.979851,503,-4425,-2766262,9054
2025-06-25T23:42:09.426529,500,-4442,-2770704,9000
2025-06-25T23:42:10.874204,506,-5065,-2775769,9108
2025-06-25T23:42:12.324773,507,-4844,-2780613,9126
2025-06-25T23:42:13.772489,510,-6452,-2787065,9180
2025-06-25T23:42:15.223055,509,-6460,-2793525,9162
2025-06-25T23:42:16.670606,506,-6080,-2799605,9108
2025-06-25T23:42:18.121295,511,-6225,-2805830,9198
2025-06-25T23:42:19.568759,504,-6023,-2811853,9072
2025-06-25T23:42:21.015322,508,-5649,-2817502,9144
2025-06-25T23:42:22.462926,509,-5412,-2822914,9162
2025-06-25T23:42:23.913499,503,-5324,-2828238,9054
2025-06-25T23:42:25.361212,505,-5294,-2833532,9090
2025-06-25T23:42:26.811760,507,-5082,-2838614,9126
2025-06-25T23:42:28.259375,505,-4937,-2843551,9090
2025-06-25T23:42:29.709941,505,-4050,-2847601,9090
2025-06-25T23:42:31.157608,498,-4008,-2851609,8964
2025-06-25T23:42:32.604187,501,-3747,-2855356,9018
2025-06-25T23:42:34.051820,498,-4171,-2859527,8964
2025-06-25T23:42:35.502429,503,-4353,-2863880,9054
2025-06-25T23:42:36.950009,507,-4021,-2867901,9126
2025-06-25T23:42:38.400598,505,-3914,-2871815,9090
2025-06-25T23:42:39.848348,498,-3809,-2875624,8964
2025-06-25T23:42:41.298913,502,-3667,-2879291,9036
2025-06-25T23:42:42.746465,500,-3687,-2882978,9000
2025-06-25T23:42:44.193029,509,-5105,-2888083,9162
2025-06-25T23:42:45.640572,499,-4633,-2892716,8982
2025-06-25T23:42:47.091258,500,-4106,-2896822,9000
2025-06-25T23:42:48.538829,501,-4344,-2901166,9018
2025-06-25T23:42:49.989547,503,-3704,-2904870,9054
2025-06-25T23:42:51.437027,504,-4868,-2909738,9072
2025-06-25T23:42:52.887739,500,-4276,-2914014,9000
2025-06-25T23:42:54.335233,504,-4956,-2918970,9072
2025-06-25T23:42:55.781954,503,-3912,-2922882,9054
2025-06-25T23:42:57.229460,501,-3803,-2926685,9018
2025-06-25T23:42:58.680033,503,-4187,-2930872,9054
2025-06-25T23:43:00.127987,497,-3978,-2934850,8946
2025-06-25T23:43:01.578252,506,-4879,-2939729,9108
2025-06-25T23:43:03.025959,506,-4947,-2944676,9108
2025-06-25T23:43:04.476574,504,-4075,-2948751,9072
2025-06-25T23:43:05.924105,503,-3741,-2952492,9054
2025-06-25T23:43:07.370781,504,-3516,-2956008,9072
2025-06-25T23:43:08.818306,501,-3446,-2959454,9018
2025-06-25T23:43:10.269045,496,-3458,-2962912,8928
2025-06-25T23:43:11.716468,500,-3610,-2966522,9000
2025-06-25T23:43:13.167233,497,-3497,-2970019,8946
2025-06-25T23:43:14.614631,500,-3663,-2973682,9000
2025-06-25T23:43:16.065333,500,-3477,-2977159,9000
2025-06-25T23:43:17.512970,501,-3522,-2980681,9018
2025-06-25T23:43:18.959578,506,-4683,-2985364,9108
2025-06-25T23:43:20.407224,512,-9390,-2994754,9216
2025-06-25T23:43:21.857874,514,-9241,-3003995,9252
2025-06-25T23:43:23.305449,509,-8814,-3012809,9162
2025-06-25T23:43:24.755960,508,-7346,-3020155,9144
2025-06-25T23:43:26.203655,507,-7707,-3027862,9126
2025-06-25T23:43:27.654227,502,-6488,-3034350,9036
2025-06-25T23:43:29.101899,515,-5513,-3039863,9270
2025-06-25T23:43:30.548416,507,-5524,-3045387,9126
2025-06-25T23:43:31.996040,506,-5167,-3050554,9108
2025-06-25T23:43:33.446719,506,-5448,-3056002,9108
2025-06-25T23:43:34.894286,502,-5074,-3061076,9036
2025-06-25T23:43:36.344878,502,-5043,-3066119,9036
2025-06-25T23:43:37.792501,506,-4872,-3070991,9108
2025-06-25T23:43:39.243022,507,-4807,-3075798,9126
2025-06-25T23:43:40.690692,504,-4502,-3080300,9072
2025-06-25T23:43:42.137211,499,-5088,-3085388,8982
2025-06-25T23:43:43.584812,505,-4004,-3089392,9090
2025-06-25T23:43:45.035550,504,-3760,-3093152,9072
2025-06-25T23:43:46.483125,500,-4051,-3097203,9000
2025-06-25T23:43:47.933656,500,-4033,-3101236,9000
2025-06-25T23:43:49.381230,509,-5351,-3106587,9162
2025-06-25T23:43:50.831881,506,-4428,-3111015,9108
2025-06-25T23:43:52.279601,497,-3928,-3114943,8946
2025-06-25T23:43:53.726140,504,-4631,-3119574,9072
2025-06-25T23:43:55.173681,504,-4465,-3124039,9072
2025-06-25T23:43:56.624284,503,-4093,-3128132,9054
2025-06-25T23:43:58.071847,508,-5884,-3134016,9144
2025-06-25T23:43:59.522515,503,-4491,-3138507,9054
2025-06-25T23:44:00.970120,502,-4430,-3142937,9036
2025-06-25T23:44:02.420764,506,-5189,-3148126,9108
2025-06-25T23:44:03.868371,501,-4130,-3152256,9018
2025-06-25T23:44:05.314874,504,-5225,-3157481,9072
2025-06-25T23:44:06.762547,507,-4648,-3162129,9126
2025-06-25T23:44:08.213161,505,-4571,-3166700,9090
2025-06-25T23:44:09.660852,502,-4655,-3171355,9036
2025-06-25T23:44:11.111326,508,-5699,-3177054,9144
2025-06-25T23:44:12.558920,503,-4787,-3181841,9054
2025-06-25T23:44:14.009651,505,-4573,-3186414,9090
2025-06-25T23:44:15.457153,505,-3950,-3190364,9090
2025-06-25T23:44:16.903770,502,-3948,-3194312,9036
2025-06-25T23:44:18.351357,502,-4715,-3199027,9036
2025-06-25T23:44:19.801984,507,-5222,-3204249,9126
2025-06-25T23:44:21.249560,505,-4552,-3208801,9090
2025-06-25T23:44:22.700183,504,-3845,-3212646,9072
2025-06-25T23:44:24.147820,506,-4227,-3216873,9108
2025-06-25T23:44:25.598460,506,-4164,-3221037,9108
2025-06-25T23:44:27.046157,502,-4069,-3225106,9036
2025-06-25T23:44:28.492708,502,-3847,-3228953,9036
2025-06-25T23:44:29.940239,510,-8374,-3237327,9180
2025-06-25T23:44:31.390735,504,-6137,-3243464,9072
2025-06-25T23:44:32.838366,505,-4433,-3247897,9090
2025-06-25T23:44:34.288986,501,-3841,-3251738,9018
2025-06-25T23:44:35.736625,501,-3928,-3255666,9018
2025-06-25T23:44:37.187282,505,-4498,-3260164,9090
2025-06-25T23:44:38.634780,501,-3901,-3264065,9018
2025-06-25T23:44:40.081406,502,-3768,-3267833,9036
2025-06-25T23:44:41.538017,501,-4127,-3271960,9018
2025-06-25T23:44:42.979773,505,-4460,-3276420,9090
2025-06-25T23:44:44.427400,505,-7170,-3283590,9090
2025-06-25T23:44:45.877892,505,-4869,-3288459,9090
2025-06-25T23:44:47.325461,500,-4493,-3292952,9000
2025-06-25T23:44:48.776058,501,-3960,-3296912,9018
2025-06-25T23:44:50.223622,493,-3572,-3300484,8874
2025-06-25T23:44:51.670496,505,-3718,-3304202,9090
2025-06-25T23:44:53.117811,505,-4002,-3308204,9090
2025-06-25T23:44:54.568410,499,-3624,-3311828,8982
2025-06-25T23:44:56.016049,503,-3713,-3315541,9054
2025-06-25T23:44:57.466600,499,-3865,-3319406,8982
2025-06-25T23:44:58.914223,503,-4095,-3323501,9054
2025-06-25T23:45:00.364819,504,-5025,-3328526,9072
2025-06-25T23:45:01.812572,501,-3984,-3332510,9018
2025-06-25T23:45:03.259231,501,-4125,-3336635,9018
2025-06-25T23:45:04.706714,505,-4054,-3340689,9090
2025-06-25T23:45:06.157385,498,-3749,-3344438,8964
2025-06-25T23:45:07.604889,504,-3832,-3348270,9072
2025-06-25T23:45:09.055645,504,-3749,-3352019,9072
2025-06-25T23:45:10.503166,502,-5826,-3357845,9036
2025-06-25T23:45:11.953757,508,-4975,-3362820,9144
2025-06-25T23:45:13.401355,505,-3818,-3366638,9090
2025-06-25T23:45:14.847915,502,-3577,-3370215,9036
2025-06-25T23:45:16.295664,503,-3531,-3373746,9054
2025-06-25T23:45:17.746315,497,-4009,-3377755,8946
2025-06-25T23:45:19.193776,500,-3548,-3381303,9000
2025-06-25T23:45:20.644490,506,-3632,-3384935,9108
2025-06-25T23:45:22.091980,502,-3704,-3388639,9036
2025-06-25T23:45:23.542583,502,-3684,-3392323,9036
2025-06-25T23:45:24.990207,514,-9263,-3401586,9252
2025-06-25T23:45:26.436811,510,-8769,-3410355,9180
2025-06-25T23:45:27.884425,506,-7202,-3417557,9108
2025-06-25T23:45:29.334922,503,-5106,-3422663,9054
2025-06-25T23:45:30.782696,500,-3924,-3426587,9000
2025-06-25T23:45:32.233198,501,-3604,-3430191,9018
2025-06-25T23:45:33.680882,502,-3436,-3433627,9036
2025-06-25T23:45:35.131418,498,-3358,-3436985,8964
2025-06-25T23:45:36.579302,497,-3405,-3440390,8946
2025-06-25T23:45:38.025765,508,-3534,-3443924,9144
2025-06-25T23:45:39.473242,501,-3438,-3447362,9018
2025-06-25T23:45:40.923837,505,-3524,-3450886,9090
2025-06-25T23:45:42.371410,500,-3464,-3454350,9000
2025-06-25T23:45:43.822033,504,-4449,-3458799,9072
2025-06-25T23:45:45.269682,502,-4269,-3463068,9036
2025-06-25T23:45:46.720320,506,-4159,-3467227,9108
2025-06-25T23:45:48.167742,503,-3996,-3471223,9054
2025-06-25T23:45:49.614608,499,-3539,-3474762,8982
2025-06-25T23:45:51.062014,500,-3394,-3478156,9000
2025-06-25T23:45:52.512723,503,-3385,-3481541,9054
2025-06-25T23:45:53.960386,503,-3343,-3484884,9054
2025-06-25T23:45:55.410850,506,-5212,-3490096,9108
2025-06-25T23:45:56.858601,503,-3890,-3493986,9054
2025-06-25T23:45:58.309170,511,-9422,-3503408,9198
2025-06-25T23:45:59.756643,509,-9365,-3512773,9162
2025-06-25T23:46:01.203419,512,-9304,-3522077,9216
2025-06-25T23:46:02.650903,510,-9207,-3531284,9180
2025-06-25T23:46:04.101528,512,-8872,-3540156,9216
2025-06-25T23:46:05.549234,510,-7771,-3547927,9180
2025-06-25T23:46:06.999669,504,-5978,-3553905,9072
2025-06-25T23:46:08.447336,506,-4613,-3558518,9108
2025-06-25T23:46:09.897943,500,-3729,-3562247,9000
2025-06-25T23:46:11.345777,500,-3421,-3565668,9000
2025-06-25T23:46:12.792102,501,-3315,-3568983,9018
2025-06-25T23:46:14.239675,501,-3282,-3572265,9018
2025-06-25T23:46:15.690329,499,-3279,-3575544,8982
2025-06-25T23:46:17.137976,504,-3267,-3578811,9072
2025-06-25T23:46:18.588585,502,-3297,-3582108,9036
2025-06-25T23:46:20.036065,498,-3298,-3585406,8964
2025-06-25T23:46:21.486782,502,-3299,-3588705,9036
2025-06-25T23:46:22.934480,501,-3453,-3592158,9018
2025-06-25T23:46:24.381071,500,-3568,-3595726,9000
2025-06-25T23:46:25.828817,503,-3389,-3599115,9054
2025-06-25T23:46:27.279309,506,-3314,-3602429,9108
2025-06-25T23:46:28.726970,500,-3354,-3605783,9000
2025-06-25T23:46:30.177390,500,-3314,-3609097,9000
2025-06-25T23:46:31.625038,498,-3326,-3612423,8964
2025-06-25T23:46:33.075634,500,-3314,-3615737,9000
2025-06-25T23:46:34.523210,502,-3324,-3619061,9036
2025-06-25T23:46:35.969799,499,-3405,-3622466,8982
2025-06-25T23:46:37.417404,501,-3342,-3625808,9018
2025-06-25T23:46:38.867969,500,-3314,-3629122,9000
2025-06-25T23:46:40.315746,502,-3303,-3632425,9036
2025-06-25T23:46:41.766178,496,-3315,-3635740,8928
2025-06-25T23:46:43.214073,501,-3318,-3639058,9018
2025-06-25T23:46:44.664452,501,-3319,-3642377,9018
2025-06-25T23:46:46.112115,500,-3328,-3645705,9000
2025-06-25T23:46:47.558628,502,-3447,-3649152,9036
2025-06-25T23:46:49.006350,500,-3377,-3652529,9000
2025-06-25T23:46:50.456885,496,-3317,-3655846,8928
2025-06-25T23:46:51.905393,508,-3317,-3659163,9144
2025-06-25T23:46:53.355107,503,-3432,-3662595,9054
2025-06-25T23:46:54.802707,501,-3358,-3665953,9018
2025-06-25T23:46:56.253314,501,-3316,-3669269,9018
2025-06-25T23:46:57.700873,501,-3375,-3672644,9018
2025-06-25T23:46:59.147493,497,-3400,-3676044,8946
2025-06-25T23:47:00.595224,503,-3345,-3679389,9054
2025-06-25T23:47:02.045663,500,-3361,-3682750,9000
2025-06-25T23:47:03.494179,501,-3328,-3686078,9018
2025-06-25T23:47:04.943810,500,-3487,-3689565,9000
2025-06-25T23:47:06.391489,501,-3368,-3692933,9018
2025-06-25T23:47:07.842135,501,-3326,-3696259,9018
2025-06-25T23:47:09.289878,500,-3378,-3699637,9000
2025-06-25T23:47:10.736383,505,-3359,-3702996,9090
2025-06-25T23:47:12.183901,499,-3348,-3706344,8982
2025-06-25T23:47:13.634646,499,-3323,-3709667,8982
2025-06-25T23:47:15.082150,500,-3297,-3712964,9000
2025-06-25T23:47:16.532767,503,-3546,-3716510,9054
2025-06-25T23:47:17.980378,497,-3421,-3719931,8946
2025-06-25T23:47:19.431049,504,-3554,-3723485,9072
2025-06-25T23:47:20.878633,503,-3367,-3726852,9054
2025-06-25T23:47:22.325181,503,-3330,-3730182,9054
2025-06-25T23:47:23.772832,501,-3581,-3733763,9018
2025-06-25T23:47:25.223407,501,-3393,-3737156,9018
2025-06-25T23:47:26.670918,497,-3377,-3740533,8946
2025-06-25T23:47:28.121610,498,-3331,-3743864,8964
2025-06-25T23:47:29.569128,501,-3350,-3747214,9018
2025-06-25T23:47:31.019760,501,-3304,-3750518,9018
2025-06-25T23:47:32.467330,496,-3322,-3753840,8928
2025-06-25T23:47:33.913957,501,-3376,-3757216,9018
2025-06-25T23:47:35.361857,501,-3324,-3760540,9018
2025-06-25T23:47:36.812278,501,-3309,-3763849,9018
2025-06-25T23:47:38.259802,507,-3313,-3767162,9126
2025-06-25T23:47:39.710512,501,-3335,-3770497,9018
2025-06-25T23:47:41.158093,497,-3360,-3773857,8946
2025-06-25T23:47:42.608718,499,-3337,-3777194,8982
2025-06-25T23:47:44.056251,497,-3306,-3780500,8946
2025-06-25T23:47:45.502818,495,-3434,-3783934,8910
2025-06-25T23:47:46.950376,514,-9505,-3793439,9252
2025-06-25T23:47:48.401499,512,-9449,-3802888,9216
2025-06-25T23:47:49.848708,507,-9469,-3812357,9126
2025-06-25T23:47:51.299275,512,-9423,-3821780,9216
2025-06-25T23:47:52.746782,509,-9426,-3831206,9162
2025-06-25T23:47:54.197674,512,-9411,-3840617,9216
2025-06-25T23:47:55.645211,513,-9359,-3849976,9234
2025-06-25T23:47:57.091678,514,-9493,-3859469,9252
2025-06-25T23:47:58.539295,508,-9982,-3869451,9144
2025-06-25T23:47:59.990782,513,-10022,-3879473,9234
2025-06-25T23:48:01.441437,515,-9982,-3889455,9270
2025-06-25T23:48:02.888166,520,-9979,-3899434,9360
2025-06-25T23:48:04.335803,511,-9974,-3909408,9198
2025-06-25T23:48:05.786425,511,-9970,-3919378,9198
2025-06-25T23:48:07.233881,511,-9901,-3929279,9198
2025-06-25T23:48:08.680530,510,-9774,-3939053,9180
2025-06-25T23:48:10.128115,518,-9696,-3948749,9324
2025-06-25T23:48:11.578743,510,-9595,-3958344,9180
2025-06-25T23:48:13.026248,514,-9643,-3967987,9252
2025-06-25T23:48:14.477544,511,-9599,-3977586,9198
2025-06-25T23:48:15.924509,514,-9639,-3987225,9252
2025-06-25T23:48:17.375244,509,-9115,-3996340,9162
2025-06-25T23:48:18.822733,512,-9120,-4005460,9216
2025-06-25T23:48:20.269477,508,-7949,-4013409,9144
2025-06-25T23:48:21.716984,509,-7668,-4021077,9162
2025-06-25T23:48:23.167625,512,-7172,-4028249,9216
2025-06-25T23:48:24.615188,511,-7519,-4035768,9198
2025-06-25T23:48:26.065700,508,-6873,-4042641,9144
2025-06-25T23:48:27.513424,507,-5753,-4048394,9126
2025-06-25T23:48:28.964040,507,-5889,-4054283,9126
2025-06-25T23:48:30.411669,504,-5597,-4059880,9072
2025-06-25T23:48:31.858278,507,-4103,-4063983,9126
2025-06-25T23:48:33.305971,501,-4411,-4068394,9018
2025-06-25T23:48:34.756533,503,-3596,-4071990,9054
2025-06-25T23:48:36.204141,500,-3415,-4075405,9000
2025-06-25T23:48:37.654743,498,-3375,-4078780,8964
2025-06-25T23:48:39.102266,501,-3348,-4082128,9018
2025-06-25T23:48:40.552954,500,-3336,-4085464,9000
2025-06-25T23:48:42.000619,503,-3356,-4088820,9054
2025-06-25T23:48:43.447131,507,-3340,-4092160,9126
2025-06-25T23:48:44.894691,504,-3364,-4095524,9072
2025-06-25T23:48:46.345355,505,-3351,-4098875,9090
2025-06-25T23:48:47.792883,504,-3372,-4102247,9072
2025-06-25T23:48:49.243598,502,-3368,-4105615,9036
2025-06-25T23:48:50.691130,505,-3368,-4108983,9090
2025-06-25T23:48:52.141751,504,-3407,-4112390,9072
2025-06-25T23:48:53.589423,501,-3392,-4115782,9018
2025-06-25T23:48:55.036042,499,-3383,-4119165,8982
2025-06-25T23:48:56.483677,504,-6020,-4125185,9072
2025-06-25T23:48:57.934224,504,-4043,-4129228,9072
2025-06-25T23:48:59.381829,503,-3837,-4133065,9054
2025-06-25T23:49:00.832490,504,-4234,-4137299,9072
2025-06-25T23:49:02.280100,502,-3684,-4140983,9036
2025-06-25T23:49:03.730726,503,-6255,-4147238,9054
2025-06-25T23:49:05.178292,500,-3341,-4150579,9000
2025-06-25T23:49:06.624763,500,-3532,-4154111,9000
2025-06-25T23:49:08.072394,500,-3488,-4157599,9000
2025-06-25T23:49:09.523014,506,-3503,-4161102,9108
2025-06-25T23:49:10.970648,500,-3441,-4164543,9000
2025-06-25T23:49:12.421259,504,-3402,-4167945,9072
2025-06-25T23:49:13.868820,498,-3417,-4171362,8964
2025-06-25T23:49:15.319320,501,-3368,-4174730,9018
2025-06-25T23:49:16.767027,501,-3367,-4178097,9018
2025-06-25T23:49:18.213734,500,-3436,-4181533,9000
2025-06-25T23:49:19.661364,497,-3401,-4184934,8946
2025-06-25T23:49:21.111818,503,-3367,-4188301,9054
2025-06-25T23:49:22.559545,501,-3357,-4191658,9018
2025-06-25T23:49:24.010161,503,-3377,-4195035,9054
2025-06-25T23:49:25.457689,500,-3371,-4198406,9000
2025-06-25T23:49:26.908384,499,-3365,-4201771,8982
2025-06-25T23:49:28.355958,508,-3376,-4205147,9144
2025-06-25T23:49:29.802532,496,-3402,-4208549,8928
2025-06-25T23:49:31.250099,502,-3379,-4211928,9036
2025-06-25T23:49:32.700706,499,-3376,-4215304,8982
2025-06-25T23:49:34.148316,503,-3386,-4218690,9054
2025-06-25T23:49:35.598939,502,-3374,-4222064,9036
2025-06-25T23:49:37.046526,501,-3373,-4225437,9018
2025-06-25T23:49:38.497180,504,-3370,-4228807,9072
2025-06-25T23:49:39.944745,497,-3395,-4232202,8946
2025-06-25T23:49:41.391404,498,-3402,-4235604,8964
2025-06-25T23:49:42.838946,498,-3393,-4238997,8964
2025-06-25T23:49:44.289617,502,-3374,-4242371,9036
2025-06-25T23:49:45.737203,501,-3384,-4245755,9018
2025-06-25T23:49:47.187815,499,-3383,-4249138,8982
2025-06-25T23:49:48.635469,505,-3391,-4252529,9090
2025-06-25T23:49:50.086025,500,-3382,-4255911,9000
2025-06-25T23:49:51.533611,503,-3383,-4259294,9054
2025-06-25T23:49:52.980183,500,-3436,-4262730,9000
2025-06-25T23:49:54.427814,499,-3443,-4266173,8982
2025-06-25T23:49:55.878435,506,-3899,-4270072,9108
2025-06-25T23:49:57.326060,509,-3523,-4273595,9162
2025-06-25T23:49:58.776677,504,-3409,-4277004,9072
2025-06-25T23:50:00.224145,502,-3493,-4280497,9036
2025-06-25T23:50:01.675192,504,-3427,-4283924,9072
2025-06-25T23:50:03.128105,501,-3452,-4287376,9018
2025-06-25T23:50:04.569135,504,-3426,-4290802,9072
2025-06-25T23:50:06.016714,500,-3429,-4294231,9000
2025-06-25T23:50:07.467255,507,-3390,-4297621,9126
2025-06-25T23:50:08.914861,504,-3549,-4301170,9072
2025-06-25T23:50:10.365460,507,-3483,-4304653,9126
2025-06-25T23:50:11.813191,503,-3413,-4308066,9054
2025-06-25T23:50:13.263590,507,-3511,-4311577,9126
2025-06-25T23:50:14.711290,503,-3429,-4315006,9054
2025-06-25T23:50:16.157935,505,-3803,-4318809,9090
2025-06-25T23:50:17.605435,500,-3499,-4322308,9000
2025-06-25T23:50:19.055976,493,-3409,-4325717,8874
2025-06-25T23:50:20.503668,503,-3413,-4329130,9054
2025-06-25T23:50:21.954335,501,-3428,-4332558,9018
2025-06-25T23:50:23.401947,502,-3418,-4335976,9036
2025-06-25T23:50:24.852552,504,-3392,-4339368,9072
2025-06-25T23:50:26.299991,498,-3408,-4342776,8964
2025-06-25T23:50:27.746763,506,-3444,-4346220,9108
2025-06-25T23:50:29.194407,499,-3418,-4349638,8982
2025-06-25T23:50:30.645085,500,-3422,-4353060,9000
2025-06-25T23:50:32.092583,501,-3562,-4356622,9018
2025-06-25T23:50:33.543126,505,-3621,-4360243,9090
2025-06-25T23:50:34.990680,502,-3529,-4363772,9036
2025-06-25T23:50:36.441278,504,-3517,-4367289,9072
2025-06-25T23:50:37.888855,502,-3521,-4370810,9036
2025-06-25T23:50:39.335620,499,-3504,-4374314,8982
2025-06-25T23:50:40.783012,503,-3414,-4377728,9054
2025-06-25T23:50:42.233797,501,-3442,-4381170,9018
2025-06-25T23:50:43.681254,503,-3421,-4384591,9054
2025-06-25T23:50:45.131981,505,-3400,-4387991,9090
2025-06-25T23:50:46.579546,500,-3398,-4391389,9000
2025-06-25T23:50:48.058957,503,-3622,-4395011,9054
2025-06-25T23:50:49.477736,501,-3520,-4398531,9018
2025-06-25T23:50:50.924371,497,-3486,-4402017,8946
2025-06-25T23:50:52.372076,502,-5008,-4407025,9036
2025-06-25T23:50:53.822626,509,-3795,-4410820,9162
2025-06-25T23:50:55.270129,503,-3484,-4414304,9054
2025-06-25T23:50:56.720881,505,-3413,-4417717,9090
2025-06-25T23:50:58.168398,502,-3425,-4421142,9036
2025-06-25T23:50:59.619123,505,-3435,-4424577,9090
2025-06-25T23:51:01.066657,506,-3399,-4427976,9108
2025-06-25T23:51:02.513224,506,-3397,-4431373,9108
2025-06-25T23:51:03.960848,497,-3482,-4434855,8946
2025-06-25T23:51:05.411673,505,-3846,-4438701,9090
2025-06-25T23:51:06.859122,500,-3609,-4442310,9000
2025-06-25T23:51:08.309680,502,-3493,-4445803,9036
2025-06-25T23:51:09.757285,498,-3641,-4449444,8964
2025-06-25T23:51:11.208097,503,-3525,-4452969,9054
2025-06-25T23:51:12.655445,505,-3605,-4456574,9090
2025-06-25T23:51:14.102079,502,-3568,-4460142,9036
2025-06-25T23:51:15.549630,504,-3521,-4463663,9072
2025-06-25T23:51:17.000209,499,-3529,-4467192,8982
2025-06-25T23:51:18.447840,504,-4227,-4471419,9072
2025-06-25T23:51:19.898489,506,-4193,-4475612,9108
2025-06-25T23:51:21.346057,505,-3964,-4479576,9090
2025-06-25T23:51:22.796793,502,-3800,-4483376,9036
2025-06-25T23:51:24.244254,504,-3558,-4486934,9072
2025-06-25T23:51:25.690936,504,-3571,-4490505,9072
2025-06-25T23:51:27.144558,505,-3420,-4493925,9090
2025-06-25T23:51:28.589116,507,-3403,-4497328,9126
2025-06-25T23:51:30.036699,503,-3410,-4500738,9054
2025-06-25T23:51:31.487334,502,-3402,-4504140,9036
2025-06-25T23:51:32.934829,500,-3404,-4507544,9000
2025-06-25T23:51:34.385667,498,-3407,-4510951,8964
2025-06-25T23:51:35.833144,506,-5284,-4516235,9108
2025-06-25T23:51:37.279625,510,-9167,-4525402,9180
2025-06-25T23:51:38.727184,514,-9955,-4535357,9252
2025-06-25T23:51:40.177826,513,-9907,-4545264,9234
2025-06-25T23:51:41.625546,515,-9875,-4555139,9270
2025-06-25T23:51:43.076142,514,-9794,-4564933,9252
2025-06-25T23:51:44.523645,512,-9672,-4574605,9216
2025-06-25T23:51:45.974299,513,-9202,-4583807,9234
2025-06-25T23:51:47.421929,509,-7678,-4591485,9162
2025-06-25T23:51:48.868599,507,-5494,-4596979,9126
2025-06-25T23:51:50.316055,506,-4018,-4600997,9108
2025-06-25T23:51:51.766680,504,-3500,-4604497,9072
2025-06-25T23:51:53.214247,502,-3469,-4607966,9036
2025-06-25T23:51:54.664904,502,-3443,-4611409,9036
2025-06-25T23:51:56.112537,507,-3385,-4614794,9126
2025-06-25T23:51:57.563191,500,-3373,-4618167,9000
2025-06-25T23:51:59.010669,500,-3352,-4621519,9000
2025-06-25T23:52:00.457461,513,-9818,-4631337,9234
2025-06-25T23:52:01.906781,510,-9381,-4640718,9180
2025-06-25T23:52:03.355621,514,-7898,-4648616,9252
2025-06-25T23:52:04.803096,506,-5866,-4654482,9108
2025-06-25T23:52:06.253630,510,-7451,-4661933,9180
2025-06-25T23:52:07.701350,508,-6842,-4668775,9144
2025-06-25T23:52:09.151943,512,-6485,-4675260,9216
2025-06-25T23:52:10.599492,502,-4741,-4680001,9036
2025-06-25T23:52:12.046188,501,-4375,-4684376,9018
2025-06-25T23:52:13.493762,508,-3977,-4688353,9144
2025-06-25T23:52:14.944396,504,-3658,-4692011,9072
2025-06-25T23:52:16.391951,500,-3492,-4695503,9000
2025-06-25T23:52:17.842502,504,-6506,-4702009,9072
2025-06-25T23:52:19.290132,508,-4324,-4706333,9144
2025-06-25T23:52:20.740736,508,-3915,-4710248,9144
2025-06-25T23:52:22.188410,504,-3559,-4713807,9072
2025-06-25T23:52:23.634849,502,-3585,-4717392,9036
2025-06-25T23:52:25.082448,509,-4162,-4721554,9162
2025-06-25T23:52:26.533053,506,-5110,-4726664,9108
2025-06-25T23:52:27.980781,504,-4619,-4731283,9072
2025-06-25T23:52:29.431238,504,-3652,-4734935,9072
2025-06-25T23:52:30.878908,503,-3470,-4738405,9054
2025-06-25T23:52:32.329487,504,-3823,-4742228,9072
2025-06-25T23:52:33.777157,504,-3804,-4746032,9072
2025-06-25T23:52:35.223818,507,-5045,-4751077,9126
2025-06-25T23:52:36.671283,508,-7924,-4759001,9144
2025-06-25T23:52:38.121919,505,-5213,-4764214,9090
2025-06-25T23:52:39.569691,502,-3888,-4768102,9036
2025-06-25T23:52:41.020405,506,-5747,-4773849,9108
2025-06-25T23:52:42.467898,504,-4864,-4778713,9072
2025-06-25T23:52:43.918404,509,-7424,-4786137,9162
2025-06-25T23:52:45.365996,508,-5581,-4791718,9144
2025-06-25T23:52:46.812480,503,-4940,-4796658,9054
2025-06-25T23:52:48.260237,503,-3916,-4800574,9054
2025-06-25T23:52:49.710767,503,-5594,-4806168,9054
2025-06-25T23:52:51.158363,501,-4245,-4810413,9018
2025-06-25T23:52:52.609119,503,-3846,-4814259,9054
2025-06-25T23:52:54.056409,499,-3687,-4817946,8982
2025-06-25T23:52:55.507269,502,-3943,-4821889,9036
2025-06-25T23:52:56.954786,502,-3665,-4825554,9036
2025-06-25T23:52:58.401342,504,-3640,-4829194,9072
2025-06-25T23:52:59.849047,505,-3485,-4832679,9090
2025-06-25T23:53:01.299708,503,-4625,-4837304,9054
2025-06-25T23:53:02.747287,499,-3820,-4841124,8982
2025-06-25T23:53:04.197728,503,-3706,-4844830,9054
2025-06-25T23:53:05.645412,504,-3631,-4848461,9072
2025-06-25T23:53:07.096007,500,-3481,-4851942,9000
2025-06-25T23:53:08.543748,503,-3384,-4855326,9054
2025-06-25T23:53:09.990207,501,-3399,-4858725,9018
2025-06-25T23:53:11.437722,504,-3380,-4862105,9072
2025-06-25T23:53:12.888348,499,-3353,-4865458,8982
2025-06-25T23:53:14.335991,504,-3312,-4868770,9072
2025-06-25T23:53:15.786686,501,-3467,-4872237,9018
2025-06-25T23:53:17.234127,501,-3570,-4875807,9018
2025-06-25T23:53:18.684867,500,-3386,-4879193,9000
2025-06-25T23:53:20.132342,504,-3352,-4882545,9072
2025-06-25T23:53:21.579030,506,-3323,-4885868,9108
2025-06-25T23:53:23.026627,496,-3353,-4889221,8928
2025-06-25T23:53:24.477150,504,-9542,-4898763,9072
2025-06-25T23:53:25.924877,511,-9922,-4908685,9198
2025-06-25T23:53:27.375509,513,-9918,-4918603,9234
2025-06-25T23:53:28.823069,514,-9854,-4928457,9252
2025-06-25T23:53:30.273646,515,-9820,-4938277,9270
2025-06-25T23:53:31.721120,513,-9696,-4947973,9234
2025-06-25T23:53:33.167822,512,-9378,-4957351,9216
2025-06-25T23:53:34.615498,516,-9202,-4966553,9288
2025-06-25T23:53:36.066160,507,-8925,-4975478,9126
2025-06-25T23:53:37.513619,508,-7916,-4983394,9144
2025-06-25T23:53:38.964268,507,-7416,-4990810,9126
2025-06-25T23:53:40.411831,514,-7579,-4998389,9252
2025-06-25T23:53:41.862513,508,-7545,-5005934,9144
2025-06-25T23:53:43.310156,512,-7455,-5013389,9216
2025-06-25T23:53:44.756705,510,-7546,-5020935,9180
2025-06-25T23:53:46.204148,509,-6816,-5027751,9162
2025-06-25T23:53:47.654776,510,-6720,-5034471,9180
2025-06-25T23:53:49.102359,512,-5259,-5039730,9216
2025-06-25T23:53:50.553084,510,-9415,-5049145,9180
2025-06-25T23:53:52.000853,510,-7589,-5056734,9180
2025-06-25T23:53:53.451288,510,-6113,-5062847,9180
2025-06-25T23:53:54.898852,502,-4387,-5067234,9036
2025-06-25T23:53:56.345518,507,-3941,-5071175,9126
2025-06-25T23:53:57.793130,506,-3645,-5074820,9108
2025-06-25T23:53:59.243770,507,-4457,-5079277,9126
2025-06-25T23:54:00.691300,501,-4257,-5083534,9018
2025-06-25T23:54:02.141996,507,-4562,-5088096,9126
2025-06-25T23:54:03.589599,503,-4417,-5092513,9054
2025-06-25T23:54:05.040050,510,-5140,-5097653,9180
2025-06-25T23:54:06.487812,502,-3825,-5101478,9036
2025-06-25T23:54:07.934248,504,-3744,-5105222,9072
2025-06-25T23:54:09.381976,502,-3410,-5108632,9036
2025-06-25T23:54:10.832584,506,-3357,-5111989,9108
2025-06-25T23:54:12.280093,501,-3285,-5115274,9018
2025-06-25T23:54:13.730649,506,-3490,-5118764,9108
2025-06-25T23:54:15.178334,499,-3397,-5122161,8982
2025-06-25T23:54:16.628963,505,-3289,-5125450,9090
2025-06-25T23:54:18.076473,505,-3254,-5128704,9090
2025-06-25T23:54:19.523075,499,-3266,-5131970,8982
2025-06-25T23:54:20.970733,499,-3245,-5135215,8982
2025-06-25T23:54:22.421338,502,-3248,-5138463,9036
2025-06-25T23:54:23.868894,498,-3320,-5141783,8964
2025-06-25T23:54:25.319587,505,-3262,-5145045,9090
2025-06-25T23:54:26.767093,505,-3695,-5148740,9090
2025-06-25T23:54:28.217824,505,-3381,-5152121,9090
2025-06-25T23:54:29.665839,503,-3394,-5155515,9054
2025-06-25T23:54:31.112077,499,-3436,-5158951,8982
2025-06-25T23:54:32.559490,503,-3322,-5162273,9054
2025-06-25T23:54:34.010242,500,-3265,-5165538,9000
2025-06-25T23:54:35.457752,503,-3278,-5168816,9054
2025-06-25T23:54:36.908428,507,-3269,-5172085,9126
2025-06-25T23:54:38.356068,498,-3265,-5175350,8964
2025-06-25T23:54:39.806632,496,-3258,-5178608,8928
2025-06-25T23:54:41.254196,499,-3273,-5181881,8982
2025-06-25T23:54:42.700836,503,-3698,-5185579,9054
2025-06-25T23:54:44.148503,513,-9819,-5195398,9234
2025-06-25T23:54:45.599159,511,-9549,-5204947,9198
2025-06-25T23:54:47.046520,510,-8134,-5213081,9180
2025-06-25T23:54:48.497171,510,-6920,-5220001,9180
2025-06-25T23:54:49.944851,507,-6311,-5226312,9126
2025-06-25T23:54:51.395418,500,-5560,-5231872,9000
2025-06-25T23:54:52.843131,509,-5571,-5237443,9162
2025-06-25T23:54:54.289710,510,-5805,-5243248,9180
2025-06-25T23:54:55.737138,505,-5386,-5248634,9090
2025-06-25T23:54:57.187899,506,-5115,-5253749,9108
2025-06-25T23:54:58.635392,505,-4771,-5258520,9090
2025-06-25T23:55:00.085972,507,-4735,-5263255,9126
2025-06-25T23:55:01.533595,504,-4495,-5267750,9072
2025-06-25T23:55:02.984097,504,-4566,-5272316,9072
2025-06-25T23:55:04.431773,504,-4542,-5276858,9072
2025-06-25T23:55:05.878500,505,-4272,-5281130,9090
2025-06-25T23:55:07.326113,500,-4071,-5285201,9000
2025-06-25T23:55:08.776763,510,-3645,-5288846,9180
2025-06-25T23:55:10.224354,502,-4042,-5292888,9036
2025-06-25T23:55:11.674983,499,-3844,-5296732,8982
2025-06-25T23:55:13.122447,504,-3619,-5300351,9072
2025-06-25T23:55:14.573070,515,-9965,-5310316,9270
2025-06-25T23:55:16.021813,507,-10003,-5320319,9126
2025-06-25T23:55:17.471334,511,-9970,-5330289,9198
2025-06-25T23:55:18.919760,513,-10020,-5340309,9234
2025-06-25T23:55:20.369449,515,-9906,-5350215,9270
2025-06-25T23:55:21.817108,512,-9955,-5360170,9216
2025-06-25T23:55:23.263816,510,-9925,-5370095,9180
2025-06-25T23:55:24.711280,515,-9876,-5379971,9270
2025-06-25T23:55:26.162151,510,-9777,-5389748,9180
2025-06-25T23:55:27.609701,511,-9807,-5399555,9198
2025-06-25T23:55:29.056192,514,-9717,-5409272,9252
2025-06-25T23:55:30.503754,508,-9516,-5418788,9144
2025-06-25T23:55:31.954365,514,-8956,-5427744,9252
2025-06-25T23:55:33.401935,508,-7462,-5435206,9144
2025-06-25T23:55:34.852539,506,-5616,-5440822,9108
2025-06-25T23:55:36.300191,504,-4279,-5445101,9072
2025-06-25T23:55:37.750781,499,-3547,-5448648,8982
2025-06-25T23:55:39.198380,501,-3258,-5451906,9018
2025-06-25T23:55:40.644908,502,-3186,-5455092,9036
2025-06-25T23:55:42.092529,505,-3165,-5458257,9090
2025-06-25T23:55:43.543166,505,-3144,-5461401,9090
2025-06-25T23:55:44.990779,498,-3151,-5464552,8964
2025-06-25T23:55:46.441377,513,-9957,-5474509,9234
2025-06-25T23:55:47.888912,512,-9957,-5484466,9216
2025-06-25T23:55:49.339782,513,-9882,-5494348,9234
2025-06-25T23:55:50.787153,516,-9933,-5504281,9288
2025-06-25T23:55:52.233829,514,-9875,-5514156,9252
2025-06-25T23:55:53.681416,511,-9815,-5523971,9198
2025-06-25T23:55:55.132044,511,-9791,-5533762,9198
2025-06-25T23:55:56.579576,516,-9618,-5543380,9288
2025-06-25T23:55:58.030135,511,-9433,-5552813,9198
2025-06-25T23:55:59.477824,516,-9005,-5561818,9288
2025-06-25T23:56:00.928466,511,-7972,-5569790,9198
2025-06-25T23:56:02.375900,507,-6339,-5576129,9126
2025-06-25T23:56:03.822768,515,-9982,-5586111,9270
2025-06-25T23:56:05.270313,512,-9927,-5596038,9216
2025-06-25T23:56:06.720879,518,-9866,-5605904,9324
2025-06-25T23:56:08.168376,511,-9797,-5615701,9198
2025-06-25T23:56:09.619104,512,-9654,-5625355,9216
2025-06-25T23:56:11.066693,514,-9265,-5634620,9252
2025-06-25T23:56:12.517258,511,-7502,-5642122,9198
2025-06-25T23:56:13.964869,507,-5714,-5647836,9126
2025-06-25T23:56:15.411431,511,-5055,-5652891,9198
2025-06-25T23:56:16.859018,506,-5026,-5657917,9108
2025-06-25T23:56:18.309635,510,-5043,-5662960,9180
2025-06-25T23:56:19.757134,506,-4804,-5667764,9108
2025-06-25T23:56:21.207743,507,-4806,-5672570,9126
2025-06-25T23:56:22.655318,506,-4521,-5677091,9108
2025-06-25T23:56:24.106122,505,-4698,-5681789,9090
2025-06-25T23:56:25.553585,506,-4255,-5686044,9108
2025-06-25T23:56:27.000276,507,-4097,-5690141,9126
2025-06-25T23:56:28.448019,506,-4161,-5694302,9108
2025-06-25T23:56:29.898533,507,-3781,-5698083,9126
2025-06-25T23:56:31.346023,508,-3845,-5701928,9144
2025-06-25T23:56:32.796639,504,-3710,-5705638,9072
2025-06-25T23:56:34.244375,504,-3480,-5709118,9072
2025-06-25T23:56:35.694903,502,-3414,-5712532,9036
2025-06-25T23:56:37.142501,497,-3932,-5716464,8946
2025-06-25T23:56:38.589209,505,-3744,-5720208,9090
2025-06-25T23:56:40.036682,505,-3703,-5723911,9090
2025-06-25T23:56:41.487331,507,-4327,-5728238,9126
2025-06-25T23:56:42.934763,501,-3802,-5732040,9018
2025-06-25T23:56:44.385456,511,-4781,-5736821,9198
2025-06-25T23:56:45.834196,502,-3729,-5740550,9036
2025-06-25T23:56:47.283792,504,-3587,-5744137,9072
2025-06-25T23:56:48.731150,500,-3439,-5747576,9000
2025-06-25T23:56:50.177931,508,-5533,-5753109,9144
2025-06-25T23:56:51.625783,506,-4286,-5757395,9108
2025-06-25T23:56:53.076050,506,-4231,-5761626,9108
2025-06-25T23:56:54.523901,506,-4416,-5766042,9108
2025-06-25T23:56:55.974306,506,-4190,-5770232,9108
2025-06-25T23:56:57.421908,503,-3960,-5774192,9054
2025-06-25T23:56:58.872435,507,-3599,-5777791,9126
2025-06-25T23:57:00.320125,504,-3778,-5781569,9072
2025-06-25T23:57:01.767007,506,-3668,-5785237,9108
2025-06-25T23:57:03.214210,508,-3522,-5788759,9144
2025-06-25T23:57:04.664930,501,-3470,-5792229,9018
2025-06-25T23:57:06.112565,507,-3540,-5795769,9126
2025-06-25T23:57:07.569007,506,-3716,-5799485,9108
2025-06-25T23:57:09.010754,502,-3846,-5803331,9036
2025-06-25T23:57:10.461368,501,-3762,-5807093,9018
2025-06-25T23:57:11.908815,505,-4086,-5811179,9090
2025-06-25T23:57:13.355426,505,-3663,-5814842,9090
2025-06-25T23:57:14.803041,510,-8101,-5822943,9180
2025-06-25T23:57:16.253971,510,-9877,-5832820,9180
2025-06-25T23:57:17.701375,514,-9800,-5842620,9252
2025-06-25T23:57:19.152006,515,-9677,-5852297,9270
2025-06-25T23:57:20.599448,508,-9534,-5861831,9144
2025-06-25T23:57:22.050087,513,-9305,-5871136,9234
2025-06-25T23:57:23.497647,510,-8878,-5880014,9180
2025-06-25T23:57:24.944317,512,-8452,-5888466,9216
2025-06-25T23:57:26.391808,513,-9159,-5897625,9234
2025-06-25T23:57:27.842567,511,-8995,-5906620,9198
2025-06-25T23:57:29.290072,510,-8812,-5915432,9180
2025-06-25T23:57:30.740650,514,-8503,-5923935,9252
2025-06-25T23:57:32.188300,510,-8452,-5932387,9180
2025-06-25T23:57:33.638870,513,-8400,-5940787,9234
2025-06-25T23:57:35.086556,503,-7438,-5948225,9054
2025-06-25T23:57:36.533211,509,-7927,-5956152,9162
2025-06-25T23:57:37.980814,505,-7472,-5963624,9090
2025-06-25T23:57:39.431380,507,-7016,-5970640,9126
2025-06-25T23:57:40.878857,507,-7589,-5978229,9126
2025-06-25T23:57:42.329627,507,-6884,-5985113,9126
2025-06-25T23:57:43.777123,513,-6866,-5991979,9234
2025-06-25T23:57:45.227788,515,-6681,-5998660,9270
2025-06-25T23:57:46.675346,508,-6921,-6005581,9144
2025-06-25T23:57:48.121994,517,-7400,-6012981,9306
2025-06-25T23:57:49.569521,507,-7302,-6020283,9126
2025-06-25T23:57:51.020071,510,-7570,-6027853,9180
2025-06-25T23:57:52.467655,505,-6754,-6034607,9090
2025-06-25T23:57:53.918354,511,-6370,-6040977,9198
2025-06-25T23:57:55.365924,511,-7654,-6048631,9198
2025-06-25T23:57:56.818998,511,-7636,-6056267,9198
2025-06-25T23:57:58.264136,509,-7520,-6063787,9162
2025-06-25T23:57:59.711705,512,-6853,-6070640,9216
2025-06-25T23:58:01.158402,510,-6472,-6077112,9180
2025-06-25T23:58:02.609257,508,-6681,-6083793,9144
2025-06-25T23:58:04.056453,509,-6500,-6090293,9162
2025-06-25T23:58:05.507291,513,-6172,-6096465,9234
2025-06-25T23:58:06.954688,506,-6044,-6102509,9108
2025-06-25T23:58:08.405301,508,-5851,-6108360,9144
2025-06-25T23:58:09.852851,504,-6278,-6114638,9072
2025-06-25T23:58:11.300039,511,-6442,-6121080,9198
2025-06-25T23:58:12.747046,510,-6308,-6127388,9180
2025-06-25T23:58:14.197854,509,-5928,-6133316,9162
2025-06-25T23:58:15.645405,509,-5814,-6139130,9162
2025-06-25T23:58:17.096011,510,-5732,-6144862,9180
2025-06-25T23:58:18.543462,508,-5347,-6150209,9144
2025-06-25T23:58:19.994282,504,-5286,-6155495,9072
2025-06-25T23:58:21.441782,511,-4762,-6160257,9198
2025-06-25T23:58:22.888328,509,-5819,-6166076,9162
2025-06-25T23:58:24.336046,506,-5698,-6171774,9108
2025-06-25T23:58:25.786746,516,-5634,-6177408,9288
2025-06-25T23:58:27.234242,504,-5771,-6183179,9072
2025-06-25T23:58:28.684848,507,-5461,-6188640,9126
2025-06-25T23:58:30.132336,509,-5630,-6194270,9162
2025-06-25T23:58:31.582995,514,-5294,-6199564,9252
2025-06-25T23:58:33.030526,506,-5386,-6204950,9108
2025-06-25T23:58:34.477314,507,-5194,-6210144,9126
2025-06-25T23:58:35.924928,507,-5277,-6215421,9126
2025-06-25T23:58:37.375519,504,-5387,-6220808,9072
2025-06-25T23:58:38.823171,507,-5562,-6226370,9126
2025-06-25T23:58:40.273711,510,-5132,-6231502,9180
2025-06-25T23:58:41.721221,507,-5517,-6237019,9126
2025-06-25T23:58:43.171779,503,-5334,-6242353,9054
2025-06-25T23:58:44.619543,505,-5442,-6247795,9090
2025-06-25T23:58:46.066016,511,-5430,-6253225,9198
2025-06-25T23:58:47.513558,508,-5089,-6258314,9144
2025-06-25T23:58:48.964206,507,-4967,-6263281,9126
2025-06-25T23:58:50.411841,506,-5492,-6268773,9108
2025-06-25T23:58:51.862350,504,-5267,-6274040,9072
2025-06-25T23:58:53.310053,506,-5314,-6279354,9108
2025-06-25T23:58:54.760689,506,-4752,-6284106,9108
2025-06-25T23:58:56.208348,506,-4736,-6288842,9108
2025-06-25T23:58:57.654932,508,-4631,-6293473,9144
2025-06-25T23:58:59.102536,500,-4383,-6297856,9000
2025-06-25T23:59:00.553136,506,-4644,-6302500,9108
2025-06-25T23:59:02.000834,507,-4787,-6307287,9126
2025-06-25T23:59:03.451213,501,-4428,-6311715,9018
2025-06-25T23:59:04.898947,504,-4419,-6316134,9072
2025-06-25T23:59:06.349491,507,-4580,-6320714,9126
2025-06-25T23:59:07.797240,508,-4022,-6324736,9144
2025-06-25T23:59:09.243588,502,-3821,-6328557,9036
2025-06-25T23:59:10.691343,505,-3862,-6332419,9090
2025-06-25T23:59:12.141885,504,-4017,-6336436,9072
2025-06-25T23:59:13.589413,509,-4099,-6340535,9162
2025-06-25T23:59:15.040193,503,-4332,-6344867,9054
2025-06-25T23:59:16.487743,506,-3868,-6348735,9108
2025-06-25T23:59:17.938276,505,-3822,-6352557,9090
2025-06-25T23:59:19.385893,503,-3774,-6356331,9054
2025-06-25T23:59:20.832577,508,-3591,-6359922,9144
2025-06-25T23:59:22.280189,502,-3541,-6363463,9036
2025-06-25T23:59:23.730675,499,-4021,-6367484,8982
2025-06-25T23:59:25.178274,508,-4218,-6371702,9144
2025-06-25T23:59:26.629125,503,-4199,-6375901,9054
2025-06-25T23:59:28.076480,503,-4238,-6380139,9054
2025-06-25T23:59:29.527068,507,-3908,-6384047,9126
2025-06-25T23:59:30.974850,507,-4138,-6388185,9126
2025-06-25T23:59:32.421400,508,-4165,-6392350,9144
2025-06-25T23:59:33.868805,504,-3788,-6396138,9072
2025-06-25T23:59:35.319618,508,-5090,-6401228,9144
2025-06-25T23:59:36.767059,506,-3935,-6405163,9108
2025-06-25T23:59:38.217617,500,-3692,-6408855,9000
2025-06-25T23:59:39.665335,506,-4058,-6412913,9108
2025-06-25T23:59:41.116072,504,-4117,-6417030,9072
2025-06-25T23:59:42.563522,505,-4016,-6421046,9090
2025-06-25T23:59:44.010276,505,-4255,-6425301,9090
2025-06-25T23:59:45.457690,507,-4273,-6429574,9126
2025-06-25T23:59:46.908478,505,-3388,-6432962,9090
2025-06-25T23:59:48.356058,501,-3343,-6436305,9018
2025-06-25T23:59:49.806616,502,-3280,-6439585,9036
2025-06-25T23:59:51.254155,506,-3358,-6442943,9108
2025-06-25T23:59:52.704811,504,-3431,-6446374,9072
2025-06-25T23:59:54.152349,498,-3354,-6449728,8964
2025-06-25T23:59:55.599070,506,-3386,-6453114,9108
2025-06-25T23:59:57.046460,503,-3312,-6456426,9054
2025-06-25T23:59:58.497211,503,-3237,-6459663,9054
2025-06-25T23:59:59.944714,496,-3285,-6462948,8928
2025-06-26T00:00:01.395422,506,-3229,-6466177,9108
2025-06-26T00:00:02.842931,499,-3204,-6469381,8982
2025-06-26T00:00:04.293459,502,-3187,-6472568,9036
2025-06-26T00:00:05.741162,501,-3190,-6475758,9018
2025-06-26T00:00:07.187851,507,-3202,-6478960,9126
2025-06-26T00:00:08.635382,507,-3186,-6482146,9126
2025-06-26T00:00:10.085958,504,-3145,-6485291,9072
2025-06-26T00:00:11.533667,509,-3132,-6488423,9162
2025-06-26T00:00:12.984296,509,-3130,-6491553,9162
2025-06-26T00:00:14.431860,498,-3213,-6494766,8964
2025-06-26T00:00:15.882520,507,-3163,-6497929,9126
2025-06-26T00:00:17.330042,500,-3159,-6501088,9000
2025-06-26T00:00:18.776650,509,-3155,-6504243,9162
2025-06-26T00:00:20.224185,500,-3169,-6507412,9000
2025-06-26T00:00:21.674750,502,-3154,-6510566,9036
2025-06-26T00:00:23.122362,503,-3131,-6513697,9054
2025-06-26T00:00:24.573060,501,-3140,-6516837,9018
2025-06-26T00:00:26.020589,500,-3161,-6519998,9000
2025-06-26T00:00:27.471367,509,-5159,-6525157,9162
2025-06-26T00:00:28.918957,507,-7779,-6532936,9126
2025-06-26T00:00:30.365499,515,-9644,-6542580,9270
2025-06-26T00:00:31.813217,513,-9246,-6551826,9234
2025-06-26T00:00:33.263635,516,-7898,-6559724,9288
2025-06-26T00:00:34.711158,508,-5941,-6565665,9144
2025-06-26T00:00:36.161880,516,-8178,-6573843,9288
2025-06-26T00:00:37.609546,515,-8990,-6582833,9270
2025-06-26T00:00:39.060126,513,-8660,-6591493,9234
2025-06-26T00:00:40.507771,507,-6827,-6598320,9126
2025-06-26T00:00:41.954366,510,-5042,-6603362,9180
2025-06-26T00:00:43.401857,509,-3838,-6607200,9162
2025-06-26T00:00:44.852562,502,-3302,-6610502,9036
2025-06-26T00:00:46.300016,504,-3118,-6613620,9072
2025-06-26T00:00:47.750764,503,-3065,-6616685,9054
2025-06-26T00:00:49.198287,503,-3048,-6619733,9054
2025-06-26T00:00:50.648865,506,-3040,-6622773,9108
2025-06-26T00:00:52.096399,501,-3052,-6625825,9018
2025-06-26T00:00:53.543131,500,-3060,-6628885,9000
2025-06-26T00:00:54.990639,505,-3072,-6631957,9090
2025-06-26T00:00:56.441389,509,-3045,-6635002,9162
2025-06-26T00:00:57.888938,500,-3070,-6638072,9000
2025-06-26T00:00:59.339568,499,-3050,-6641122,8982
2025-06-26T00:01:00.787201,504,-3068,-6644190,9072
2025-06-26T00:01:02.237812,499,-3054,-6647244,8982
2025-06-26T00:01:03.685382,503,-3045,-6650289,9054
2025-06-26T00:01:05.132047,500,-3056,-6653345,9000
2025-06-26T00:01:06.579521,500,-3065,-6656410,9000
2025-06-26T00:01:08.030064,499,-3066,-6659476,8982
2025-06-26T00:01:09.477773,504,-3068,-6662544,9072
2025-06-26T00:01:10.928456,506,-3895,-6666439,9108
2025-06-26T00:01:12.376030,501,-3951,-6670390,9018
2025-06-26T00:01:13.826659,504,-3875,-6674265,9072
2025-06-26T00:01:15.274229,504,-3480,-6677745,9072
2025-06-26T00:01:16.720760,503,-3303,-6681048,9054
2025-06-26T00:01:18.168372,500,-3178,-6684226,9000
2025-06-26T00:01:19.618882,503,-3093,-6687319,9054
2025-06-26T00:01:21.066463,503,-3144,-6690463,9054
2025-06-26T00:01:22.517115,507,-3151,-6693614,9126
2025-06-26T00:01:23.964747,502,-3096,-6696710,9036
2025-06-26T00:01:25.415356,500,-3076,-6699786,9000
2025-06-26T00:01:26.862835,505,-3081,-6702867,9090
2025-06-26T00:01:28.309574,507,-3059,-6705926,9126
2025-06-26T00:01:29.757247,504,-3068,-6708994,9072
2025-06-26T00:01:31.207850,509,-3073,-6712067,9162
2025-06-26T00:01:32.655421,506,-3112,-6715179,9108
2025-06-26T00:01:34.106018,503,-3059,-6718238,9054
2025-06-26T00:01:35.553570,504,-3063,-6721301,9072
2025-06-26T00:01:37.004263,502,-3073,-6724374,9036
2025-06-26T00:01:38.451872,501,-3087,-6727461,9018
2025-06-26T00:01:39.898346,502,-3070,-6730531,9036
2025-06-26T00:01:41.345999,507,-3063,-6733594,9126
2025-06-26T00:01:42.796572,505,-3072,-6736666,9090
2025-06-26T00:01:44.244232,503,-3059,-6739725,9054
2025-06-26T00:01:45.694876,501,-3064,-6742789,9018
2025-06-26T00:01:47.142362,508,-3065,-6745854,9144
2025-06-26T00:01:48.592940,502,-3058,-6748912,9036
2025-06-26T00:01:50.040632,503,-3082,-6751994,9054
2025-06-26T00:01:51.487252,505,-3073,-6755067,9090
2025-06-26T00:01:52.934849,502,-3156,-6758223,9036
2025-06-26T00:01:54.385347,501,-3086,-6761309,9018
2025-06-26T00:01:55.832905,503,-3061,-6764370,9054
2025-06-26T00:01:57.283603,504,-3067,-6767437,9072
2025-06-26T00:01:58.731242,505,-3086,-6770523,9090
2025-06-26T00:02:00.181854,501,-5322,-6775845,9018
2025-06-26T00:02:01.629494,508,-9869,-6785714,9144
2025-06-26T00:02:03.075895,515,-9876,-6795590,9270
2025-06-26T00:02:04.523674,514,-9866,-6805456,9252
2025-06-26T00:02:05.974247,515,-9821,-6815277,9270
2025-06-26T00:02:07.421757,511,-9823,-6825100,9198
2025-06-26T00:02:08.874074,516,-9781,-6834881,9288
2025-06-26T00:02:10.320021,514,-9732,-6844613,9252
2025-06-26T00:02:11.770585,513,-9709,-6854322,9234
2025-06-26T00:02:13.218362,512,-9757,-6864079,9216
2025-06-26T00:02:14.664945,513,-9717,-6873796,9234
2025-06-26T00:02:16.112572,514,-9678,-6883474,9252
2025-06-26T00:02:17.563034,513,-9538,-6893012,9234
2025-06-26T00:02:19.010726,511,-9380,-6902392,9198
2025-06-26T00:02:20.461327,515,-9505,-6911897,9270
2025-06-26T00:02:21.908751,512,-9540,-6921437,9216
2025-06-26T00:02:23.359483,513,-9595,-6931032,9234
2025-06-26T00:02:24.807160,518,-9460,-6940492,9324
2025-06-26T00:02:26.253702,517,-9345,-6949837,9306
2025-06-26T00:02:27.701335,514,-9301,-6959138,9252
2025-06-26T00:02:29.151782,513,-8286,-6967424,9234
2025-06-26T00:02:30.599475,514,-7484,-6974908,9252
2025-06-26T00:02:32.050134,512,-7953,-6982861,9216
2025-06-26T00:02:33.497586,512,-6266,-6989127,9216
2025-06-26T00:02:34.948272,507,-5698,-6994825,9126
2025-06-26T00:02:36.395793,504,-4923,-6999748,9072
2025-06-26T00:02:37.842400,509,-5958,-7005706,9162
2025-06-26T00:02:39.290095,509,-5306,-7011012,9162
2025-06-26T00:02:40.740812,509,-5082,-7016094,9162
2025-06-26T00:02:42.188347,507,-4974,-7021068,9126
2025-06-26T00:02:43.638922,505,-4904,-7025972,9090
2025-06-26T00:02:45.086522,508,-4229,-7030201,9144
2025-06-26T00:02:46.537133,505,-4621,-7034822,9090
2025-06-26T00:02:47.984718,511,-4337,-7039159,9198
2025-06-26T00:02:49.431213,514,-7993,-7047152,9252
2025-06-26T00:02:50.878746,511,-7172,-7054324,9198
2025-06-26T00:02:52.329361,508,-5174,-7059498,9144
2025-06-26T00:02:53.776991,504,-4948,-7064446,9072
2025-06-26T00:02:55.227809,507,-4584,-7069030,9126
2025-06-26T00:02:56.675378,511,-4393,-7073423,9198
2025-06-26T00:02:58.125899,510,-4896,-7078319,9180
2025-06-26T00:02:59.573390,505,-4123,-7082442,9090
2025-06-26T00:03:01.020146,509,-4309,-7086751,9162
2025-06-26T00:03:02.468323,511,-3652,-7090403,9198
2025-06-26T00:03:03.918347,503,-3161,-7093564,9054
2025-06-26T00:03:05.366015,505,-3262,-7096826,9090
2025-06-26T00:03:06.816693,505,-3158,-7099984,9090
2025-06-26T00:03:08.264185,502,-3252,-7103236,9036
2025-06-26T00:03:09.714659,505,-3086,-7106322,9090
2025-06-26T00:03:11.162395,502,-3083,-7109405,9036
2025-06-26T00:03:12.609113,504,-3108,-7112513,9072
2025-06-26T00:03:14.056507,498,-3219,-7115732,8964
2025-06-26T00:03:15.507294,506,-3165,-7118897,9108
2025-06-26T00:03:16.954727,501,-3216,-7122113,9018
2025-06-26T00:03:18.405456,502,-3199,-7125312,9036
2025-06-26T00:03:19.852981,501,-3185,-7128497,9018
2025-06-26T00:03:21.303680,506,-3152,-7131649,9108
2025-06-26T00:03:22.751205,505,-3255,-7134904,9090
2025-06-26T00:03:24.197891,502,-3135,-7138039,9036
2025-06-26T00:03:25.645465,506,-3155,-7141194,9108
2025-06-26T00:03:27.096090,503,-3173,-7144367,9054
2025-06-26T00:03:28.543561,503,-3109,-7147476,9054
2025-06-26T00:03:29.994327,504,-3175,-7150651,9072
2025-06-26T00:03:31.441739,503,-3269,-7153920,9054
2025-06-26T00:03:32.892501,504,-3159,-7157079,9072
2025-06-26T00:03:34.340066,506,-3141,-7160220,9108
2025-06-26T00:03:35.786707,504,-3182,-7163402,9072
2025-06-26T00:03:37.234360,504,-3158,-7166560,9072
2025-06-26T00:03:38.684938,506,-3124,-7169684,9108
2025-06-26T00:03:40.132459,506,-3181,-7172865,9108
2025-06-26T00:03:41.583120,508,-3450,-7176315,9144
2025-06-26T00:03:43.030721,506,-3315,-7179630,9108
2025-06-26T00:03:44.481288,503,-3309,-7182939,9054
2025-06-26T00:03:45.928840,504,-3286,-7186225,9072
2025-06-26T00:03:47.375428,500,-3578,-7189803,9000
2025-06-26T00:03:48.823042,506,-3726,-7193529,9108
2025-06-26T00:03:50.273743,504,-3695,-7197224,9072
2025-06-26T00:03:51.721340,500,-3702,-7200926,9000
2025-06-26T00:03:53.171929,504,-3781,-7204707,9072
2025-06-26T00:03:54.619625,506,-3955,-7208662,9108
2025-06-26T00:03:56.070039,500,-3397,-7212059,9000
2025-06-26T00:03:57.517723,503,-3688,-7215747,9054
2025-06-26T00:03:58.964350,505,-4430,-7220177,9090
2025-06-26T00:04:00.411808,505,-4226,-7224403,9090
2025-06-26T00:04:01.862480,508,-4138,-7228541,9144
2025-06-26T00:04:03.310051,506,-3572,-7232113,9108
2025-06-26T00:04:04.760857,504,-3801,-7235914,9072
2025-06-26T00:04:06.208288,506,-3499,-7239413,9108
2025-06-26T00:04:07.658932,501,-3555,-7242968,9018
2025-06-26T00:04:09.106524,506,-3623,-7246591,9108
2025-06-26T00:04:10.553114,506,-3870,-7250461,9108
2025-06-26T00:04:12.000747,502,-3553,-7254014,9036
2025-06-26T00:04:13.451277,503,-3375,-7257389,9054
2025-06-26T00:04:14.898972,504,-3342,-7260731,9072
2025-06-26T00:04:16.349606,498,-3369,-7264100,8964
2025-06-26T00:04:17.797080,504,-3339,-7267439,9072
2025-06-26T00:04:19.247659,505,-3301,-7270740,9090
2025-06-26T00:04:20.695371,505,-3254,-7273994,9090
2025-06-26T00:04:22.142228,505,-3725,-7277719,9090
2025-06-26T00:04:23.589587,504,-3342,-7281061,9072
2025-06-26T00:04:25.040220,511,-3478,-7284539,9198
2025-06-26T00:04:26.487684,500,-3566,-7288105,9000
2025-06-26T00:04:27.938347,499,-3207,-7291312,8982
2025-06-26T00:04:29.385991,509,-3367,-7294679,9162
2025-06-26T00:04:30.836722,506,-3116,-7297795,9108
2025-06-26T00:04:32.284250,498,-3055,-7300850,8964
2025-06-26T00:04:33.730802,503,-3023,-7303873,9054
2025-06-26T00:04:35.178421,505,-2987,-7306860,9090
2025-06-26T00:04:36.629070,504,-3071,-7309931,9072
2025-06-26T00:04:38.076655,504,-3022,-7312953,9072
2025-06-26T00:04:39.527260,501,-3086,-7316039,9018
2025-06-26T00:04:40.974790,510,-3117,-7319156,9180
2025-06-26T00:04:42.425380,504,-3087,-7322243,9072
2025-06-26T00:04:43.873099,506,-3040,-7325283,9108
2025-06-26T00:04:45.319727,502,-3056,-7328339,9036
2025-06-26T00:04:46.767202,499,-3048,-7331387,8982
2025-06-26T00:04:48.217892,501,-3177,-7334564,9018
2025-06-26T00:04:49.665328,502,-3094,-7337658,9036
2025-06-26T00:04:51.116118,499,-3104,-7340762,8982
2025-06-26T00:04:52.563635,505,-3008,-7343770,9090
2025-06-26T00:04:54.014225,502,-3042,-7346812,9036
2025-06-26T00:04:55.461895,503,-3059,-7349871,9054
2025-06-26T00:04:56.908349,506,-3120,-7352991,9108
2025-06-26T00:04:58.355984,499,-3152,-7356143,8982
2025-06-26T00:04:59.806591,507,-3159,-7359302,9126
2025-06-26T00:05:01.254201,504,-3080,-7362382,9072
2025-06-26T00:05:02.704874,505,-3359,-7365741,9090
2025-06-26T00:05:04.152564,498,-3212,-7368953,8964
2025-06-26T00:05:05.603118,505,-3289,-7372242,9090
2025-06-26T00:05:07.050646,503,-3144,-7375386,9054
2025-06-26T00:05:08.497307,506,-3129,-7378515,9108
2025-06-26T00:05:09.944840,506,-3041,-7381556,9108
2025-06-26T00:05:11.395458,509,-3170,-7384726,9162
2025-06-26T00:05:12.843053,507,-3049,-7387775,9126
2025-06-26T00:05:14.293786,506,-3083,-7390858,9108
2025-06-26T00:05:15.741236,500,-3080,-7393938,9000
2025-06-26T00:05:17.192008,503,-3002,-7396940,9054
2025-06-26T00:05:18.639481,502,-3093,-7400033,9036
2025-06-26T00:05:20.086036,502,-3028,-7403061,9036
2025-06-26T00:05:21.533682,507,-3038,-7406099,9126
2025-06-26T00:05:22.984353,504,-3019,-7409118,9072
2025-06-26T00:05:24.431882,502,-3039,-7412157,9036
2025-06-26T00:05:25.882552,503,-3015,-7415172,9054
2025-06-26T00:05:27.330148,504,-3046,-7418218,9072
2025-06-26T00:05:28.780869,507,-3074,-7421292,9126
2025-06-26T00:05:30.228230,503,-3025,-7424317,9054
2025-06-26T00:05:31.674851,501,-3033,-7427350,9018
2025-06-26T00:05:33.122607,509,-3021,-7430371,9162
2025-06-26T00:05:34.573132,500,-2992,-7433363,9000
2025-06-26T00:05:36.020804,502,-3002,-7436365,9036
2025-06-26T00:05:37.471448,504,-3083,-7439448,9072
2025-06-26T00:05:38.919037,510,-3212,-7442660,9180
2025-06-26T00:05:40.369760,504,-3313,-7445973,9072
2025-06-26T00:05:41.817238,504,-3174,-7449147,9072
2025-06-26T00:05:43.263875,502,-3139,-7452286,9036
2025-06-26T00:05:44.711406,504,-3431,-7455717,9072
2025-06-26T00:05:46.161979,503,-3140,-7458857,9054
2025-06-26T00:05:47.609555,500,-3050,-7461907,9000
2025-06-26T00:05:49.060290,506,-3023,-7464930,9108
2025-06-26T00:05:50.507846,499,-3066,-7467996,8982
2025-06-26T00:05:51.958483,511,-3085,-7471081,9198
2025-06-26T00:05:53.405843,502,-3070,-7474151,9036
2025-06-26T00:05:54.852567,502,-3121,-7477272,9036
2025-06-26T00:05:56.300239,500,-3203,-7480475,9000
2025-06-26T00:05:57.750884,503,-3276,-7483751,9054
2025-06-26T00:05:59.198469,507,-3194,-7486945,9126
2025-06-26T00:06:00.648982,500,-3265,-7490210,9000
2025-06-26T00:06:02.096653,504,-3232,-7493442,9072
2025-06-26T00:06:03.547237,503,-3140,-7496582,9054
2025-06-26T00:06:04.994834,500,-3068,-7499650,9000
2025-06-26T00:06:06.441413,502,-3008,-7502658,9036
2025-06-26T00:06:07.889123,504,-3084,-7505742,9072
2025-06-26T00:06:09.339756,503,-3130,-7508872,9054
2025-06-26T00:06:10.787338,497,-3027,-7511899,8946
2025-06-26T00:06:12.237971,499,-2992,-7514891,8982
2025-06-26T00:06:13.685527,503,-2996,-7517887,9054
2025-06-26T00:06:15.136137,500,-3010,-7520897,9000
2025-06-26T00:06:16.583769,504,-3027,-7523924,9072
2025-06-26T00:06:18.030290,502,-3014,-7526938,9036
2025-06-26T00:06:19.477985,503,-3011,-7529949,9054
2025-06-26T00:06:20.928475,504,-2982,-7532931,9072
2025-06-26T00:06:22.376050,503,-2993,-7535924,9054
2025-06-26T00:06:23.826798,502,-2981,-7538905,9036
2025-06-26T00:06:25.274248,501,-2965,-7541870,9018
2025-06-26T00:06:26.724859,501,-2985,-7544855,9018
2025-06-26T00:06:28.172431,503,-3000,-7547855,9054
2025-06-26T00:06:29.619063,505,-2988,-7550843,9090
2025-06-26T00:06:31.066964,505,-2980,-7553823,9090
2025-06-26T00:06:32.517337,503,-2979,-7556802,9054
2025-06-26T00:06:33.964915,503,-3066,-7559868,9054
2025-06-26T00:06:35.415621,500,-2988,-7562856,9000
2025-06-26T00:06:36.863200,505,-3000,-7565856,9090
2025-06-26T00:06:38.313834,500,-2980,-7568836,9000
2025-06-26T00:06:39.761332,505,-2984,-7571820,9090
2025-06-26T00:06:41.207871,501,-2966,-7574786,9018
2025-06-26T00:06:42.655417,502,-2971,-7577757,9036
2025-06-26T00:06:44.106128,498,-2966,-7580723,8964
2025-06-26T00:06:45.553742,503,-2964,-7583687,9054
2025-06-26T00:06:47.004301,505,-3025,-7586712,9090
2025-06-26T00:06:48.451937,504,-2976,-7589688,9072
2025-06-26T00:06:49.902628,503,-2955,-7592643,9054
2025-06-26T00:06:51.350168,505,-2946,-7595589,9090
2025-06-26T00:06:52.796701,497,-2965,-7598554,8946
2025-06-26T00:06:54.244314,501,-2947,-7601501,9018
2025-06-26T00:06:55.695072,503,-2958,-7604459,9054
2025-06-26T00:06:57.142533,498,-2939,-7607398,8964
2025-06-26T00:06:58.593188,496,-2964,-7610362,8928
2025-06-26T00:07:00.040895,498,-2954,-7613316,8964
2025-06-26T00:07:01.491318,502,-2945,-7616261,9036
2025-06-26T00:07:02.938916,502,-2949,-7619210,9036
2025-06-26T00:07:04.385729,497,-2946,-7622156,8946
2025-06-26T00:07:05.833138,504,-2950,-7625106,9072
2025-06-26T00:07:07.283836,505,-2945,-7628051,9090
2025-06-26T00:07:08.731519,499,-2949,-7631000,8982
2025-06-26T00:07:10.181883,502,-2946,-7633946,9036
2025-06-26T00:07:11.629542,500,-2955,-7636901,9000
2025-06-26T00:07:13.080181,504,-2931,-7639832,9072
2025-06-26T00:07:14.527719,504,-2960,-7642792,9072
2025-06-26T00:07:15.974390,506,-2933,-7645725,9108
2025-06-26T00:07:17.421891,503,-2941,-7648666,9054
2025-06-26T00:07:18.873057,502,-2937,-7651603,9036
2025-06-26T00:07:20.320137,502,-2949,-7654552,9036
2025-06-26T00:07:21.770805,503,-2938,-7657490,9054
2025-06-26T00:07:23.218561,499,-2938,-7660428,8982
2025-06-26T00:07:24.668913,507,-2942,-7663370,9126
2025-06-26T00:07:26.116660,501,-2946,-7666316,9018
2025-06-26T00:07:27.563101,498,-2933,-7669249,8964
2025-06-26T00:07:29.010841,501,-2951,-7672200,9018
2025-06-26T00:07:30.461301,501,-2929,-7675129,9018
2025-06-26T00:07:31.908931,501,-2949,-7678078,9018
2025-06-26T00:07:33.359619,498,-2935,-7681013,8964
2025-06-26T00:07:34.807272,500,-2942,-7683955,9000
2025-06-26T00:07:36.257713,502,-2925,-7686880,9036
2025-06-26T00:07:37.705371,500,-2955,-7689835,9000
2025-06-26T00:07:39.152154,499,-2922,-7692757,8982
2025-06-26T00:07:40.599689,501,-2936,-7695693,9018
2025-06-26T00:07:42.050180,497,-2939,-7698632,8946
2025-06-26T00:07:43.497747,502,-2940,-7701572,9036
2025-06-26T00:07:44.948447,504,-2940,-7704512,9072
2025-06-26T00:07:46.396093,497,-2939,-7707451,8946
2025-06-26T00:07:47.846675,500,-2929,-7710380,9000
2025-06-26T00:07:49.294269,502,-2943,-7713323,9036
2025-06-26T00:07:50.740771,500,-2920,-7716243,9000
2025-06-26T00:07:52.188403,499,-2940,-7719183,8982
2025-06-26T00:07:53.638971,502,-2917,-7722100,9036
2025-06-26T00:07:55.086581,504,-3096,-7725196,9072
2025-06-26T00:07:56.537289,502,-2990,-7728186,9036
2025-06-26T00:07:57.984711,502,-3112,-7731298,9036
2025-06-26T00:07:59.435531,506,-2983,-7734281,9108
2025-06-26T00:08:00.883058,504,-3968,-7738249,9072
2025-06-26T00:08:02.329631,503,-3717,-7741966,9054
2025-06-26T00:08:03.777262,506,-3324,-7745290,9108
2025-06-26T00:08:05.227894,511,-4609,-7749899,9198
2025-06-26T00:08:06.675490,504,-4486,-7754385,9072
2025-06-26T00:08:08.126076,506,-4921,-7759306,9108
2025-06-26T00:08:09.573685,505,-3785,-7763091,9090
2025-06-26T00:08:11.024301,503,-3247,-7766338,9054
2025-06-26T00:08:12.471808,506,-3074,-7769412,9108
2025-06-26T00:08:13.918452,500,-2999,-7772411,9000
2025-06-26T00:08:15.366053,498,-2963,-7775374,8964
2025-06-26T00:08:16.816797,510,-2932,-7778306,9180
2025-06-26T00:08:18.264252,498,-2925,-7781231,8964
2025-06-26T00:08:19.714925,497,-2918,-7784149,8946
2025-06-26T00:08:21.162499,501,-2919,-7787068,9018
2025-06-26T00:08:22.613168,505,-2921,-7789989,9090
2025-06-26T00:08:24.060671,501,-2938,-7792927,9018
2025-06-26T00:08:25.507333,503,-2921,-7795848,9054
2025-06-26T00:08:26.954878,501,-2933,-7798781,9018
2025-06-26T00:08:28.405586,499,-2928,-7801709,8982
2025-06-26T00:08:29.852994,503,-2908,-7804617,9054
2025-06-26T00:08:31.303766,500,-2937,-7807554,9000
2025-06-26T00:08:32.751337,502,-2938,-7810492,9036
2025-06-26T00:08:34.202022,503,-2912,-7813404,9054
2025-06-26T00:08:35.649551,500,-2920,-7816324,9000
2025-06-26T00:08:37.096079,500,-2958,-7819282,9000
2025-06-26T00:08:38.543711,493,-2932,-7822214,8874
2025-06-26T00:08:39.994294,505,-2927,-7825141,9090
2025-06-26T00:08:41.442074,502,-2936,-7828077,9036
2025-06-26T00:08:42.892635,503,-2935,-7831012,9054
2025-06-26T00:08:44.340271,501,-2916,-7833928,9018
2025-06-26T00:08:45.790856,501,-2939,-7836867,9018
2025-06-26T00:08:47.238274,504,-2939,-7839806,9072
2025-06-26T00:08:48.684831,501,-2929,-7842735,9018
2025-06-26T00:08:50.132518,502,-2918,-7845653,9036
2025-06-26T00:08:51.583078,504,-2927,-7848580,9072
2025-06-26T00:08:53.030778,504,-2925,-7851505,9072
2025-06-26T00:08:54.481266,504,-2916,-7854421,9072
2025-06-26T00:08:55.928834,498,-2903,-7857324,8964
2025-06-26T00:08:57.379577,505,-2954,-7860278,9090
2025-06-26T00:08:58.827126,503,-2937,-7863215,9054
2025-06-26T00:09:00.273735,504,-2932,-7866147,9072
2025-06-26T00:09:01.721500,499,-2916,-7869063,8982
2025-06-26T00:09:03.172148,500,-2914,-7871977,9000
2025-06-26T00:09:04.619529,499,-2921,-7874898,8982
2025-06-26T00:09:06.070288,503,-2923,-7877821,9054
2025-06-26T00:09:07.517858,498,-2901,-7880722,8964
2025-06-26T00:09:08.968292,500,-2917,-7883639,9000
2025-06-26T00:09:10.415910,501,-2924,-7886563,9018
2025-06-26T00:09:11.862512,500,-2907,-7889470,9000
2025-06-26T00:09:13.310072,503,-2908,-7892378,9054
2025-06-26T00:09:14.760850,504,-2916,-7895294,9072
2025-06-26T00:09:16.208399,504,-6164,-7901458,9072
2025-06-26T00:09:17.659049,512,-9648,-7911106,9216
2025-06-26T00:09:19.106680,516,-9554,-7920660,9288
2025-06-26T00:09:20.557224,514,-9278,-7929938,9252
2025-06-26T00:09:22.004792,505,-9696,-7939634,9090
2025-06-26T00:09:23.451573,518,-9549,-7949183,9324
2025-06-26T00:09:24.899062,508,-9493,-7958676,9144
2025-06-26T00:09:26.349698,521,-9170,-7967846,9378
2025-06-26T00:09:27.797278,512,-8367,-7976213,9216
2025-06-26T00:09:29.247880,513,-6243,-7982456,9234
2025-06-26T00:09:30.695329,500,-4619,-7987075,9000
2025-06-26T00:09:32.146077,515,-9602,-7996677,9270
2025-06-26T00:09:33.593589,515,-9668,-8006345,9270
2025-06-26T00:09:35.040207,513,-9646,-8015991,9234
2025-06-26T00:09:36.487846,514,-9716,-8025707,9252
2025-06-26T00:09:37.938471,515,-9678,-8035385,9270
2025-06-26T00:09:39.386033,515,-9610,-8044995,9270
2025-06-26T00:09:40.836667,517,-9513,-8054508,9306
2025-06-26T00:09:42.284305,512,-9362,-8063870,9216
2025-06-26T00:09:43.734966,509,-8713,-8072583,9162
2025-06-26T00:09:45.182538,512,-7711,-8080294,9216
2025-06-26T00:09:46.629106,511,-6028,-8086322,9198
2025-06-26T00:09:48.076760,510,-5553,-8091875,9180
2025-06-26T00:09:49.527363,511,-4600,-8096475,9198
2025-06-26T00:09:50.974811,507,-4461,-8100936,9126
2025-06-26T00:09:52.425569,506,-3342,-8104278,9108
2025-06-26T00:09:53.873184,499,-3178,-8107456,8982
2025-06-26T00:09:55.323752,508,-3994,-8111450,9144
2025-06-26T00:09:56.771358,505,-3296,-8114746,9090
2025-06-26T00:09:58.217940,501,-3022,-8117768,9018
2025-06-26T00:09:59.665532,503,-2900,-8120668,9054
2025-06-26T00:10:01.116111,506,-2892,-8123560,9108
2025-06-26T00:10:02.563675,503,-2840,-8126400,9054
2025-06-26T00:10:04.014397,503,-2797,-8129197,9054
2025-06-26T00:10:05.461961,504,-2830,-8132027,9072
2025-06-26T00:10:06.912526,502,-2805,-8134832,9036
2025-06-26T00:10:08.360147,505,-2808,-8137640,9090
2025-06-26T00:10:09.806851,500,-2847,-8140487,9000
2025-06-26T00:10:11.254430,501,-2834,-8143321,9018
2025-06-26T00:10:12.704998,506,-2816,-8146137,9108
2025-06-26T00:10:14.152496,503,-2854,-8148991,9054
2025-06-26T00:10:15.603126,511,-9543,-8158534,9198
2025-06-26T00:10:17.050793,514,-9305,-8167839,9252
2025-06-26T00:10:18.501272,510,-8332,-8176171,9180
2025-06-26T00:10:19.948962,502,-5897,-8182068,9036
2025-06-26T00:10:21.395529,505,-5382,-8187450,9090
2025-06-26T00:10:22.843108,512,-4271,-8191721,9216
2025-06-26T00:10:24.293692,501,-3590,-8195311,9018
2025-06-26T00:10:25.741409,513,-7763,-8203074,9234
2025-06-26T00:10:27.191947,510,-5273,-8208347,9180
2025-06-26T00:10:28.639477,509,-3914,-8212261,9162
2025-06-26T00:10:30.090228,505,-3219,-8215480,9090
2025-06-26T00:10:31.537686,504,-2972,-8218452,9072
2025-06-26T00:10:32.984438,505,-3002,-8221454,9090
2025-06-26T00:10:34.432143,518,-9651,-8231105,9324
2025-06-26T00:10:35.882710,509,-9452,-8240557,9162
2025-06-26T00:10:37.330148,512,-9250,-8249807,9216
2025-06-26T00:10:38.780802,516,-8793,-8258600,9288
2025-06-26T00:10:40.228382,513,-7639,-8266239,9234
2025-06-26T00:10:41.679201,509,-5868,-8272107,9162
2025-06-26T00:10:43.126669,507,-4440,-8276547,9126
2025-06-26T00:10:44.573398,509,-3473,-8280020,9162
2025-06-26T00:10:46.020896,505,-3064,-8283084,9090
2025-06-26T00:10:47.471565,504,-2915,-8285999,9072
2025-06-26T00:10:48.918859,504,-2833,-8288832,9072
2025-06-26T00:10:50.369577,505,-2821,-8291653,9090
2025-06-26T00:10:51.817199,503,-2815,-8294468,9054
2025-06-26T00:10:53.267889,503,-2819,-8297287,9054
2025-06-26T00:10:54.715424,500,-2799,-8300086,9000
2025-06-26T00:10:56.162293,501,-2785,-8302871,9018
2025-06-26T00:10:57.609699,506,-3891,-8306762,9108
2025-06-26T00:10:59.060260,502,-3134,-8309896,9036
2025-06-26T00:11:00.507824,504,-2937,-8312833,9072
2025-06-26T00:11:01.958508,505,-2839,-8315672,9090
2025-06-26T00:11:03.406035,504,-2815,-8318487,9072
2025-06-26T00:11:04.856624,497,-2793,-8321280,8946
2025-06-26T00:11:06.304359,500,-2811,-8324091,9000
2025-06-26T00:11:07.750820,504,-2821,-8326912,9072
2025-06-26T00:11:09.198447,501,-2812,-8329724,9018
2025-06-26T00:11:10.649074,506,-2808,-8332532,9108
2025-06-26T00:11:12.098589,505,-4458,-8336990,9090
2025-06-26T00:11:13.552893,506,-3679,-8340669,9108
2025-06-26T00:11:15.003944,503,-3173,-8343842,9054
2025-06-26T00:11:16.457476,501,-2988,-8346830,9018
2025-06-26T00:11:17.908003,506,-2895,-8349725,9108
2025-06-26T00:11:19.357009,498,-2858,-8352583,8964
2025-06-26T00:11:20.807024,500,-2825,-8355408,9000
2025-06-26T00:11:22.259675,504,-2830,-8358238,9072
2025-06-26T00:11:23.709204,505,-2823,-8361061,9090
2025-06-26T00:11:25.161482,502,-2810,-8363871,9036
2025-06-26T00:11:26.610680,497,-2817,-8366688,8946
2025-06-26T00:11:28.062769,504,-2802,-8369490,9072
2025-06-26T00:11:29.511716,497,-2824,-8372314,8946
2025-06-26T00:11:30.959744,501,-2927,-8375241,9018
2025-06-26T00:11:32.408288,499,-2865,-8378106,8982
2025-06-26T00:11:33.859872,504,-2818,-8380924,9072
2025-06-26T00:11:35.308393,508,-9711,-8390635,9144
2025-06-26T00:11:36.759839,512,-9631,-8400266,9216
2025-06-26T00:11:38.208223,511,-9645,-8409911,9198
2025-06-26T00:11:39.659658,513,-9606,-8419517,9234
2025-06-26T00:11:41.107896,524,-9644,-8429161,9432
2025-06-26T00:11:42.554965,513,-9645,-8438806,9234
2025-06-26T00:11:44.003114,511,-9656,-8448462,9198
2025-06-26T00:11:45.454197,516,-9625,-8458087,9288
2025-06-26T00:11:46.902163,517,-9597,-8467684,9306
2025-06-26T00:11:48.353355,518,-9606,-8477290,9324
2025-06-26T00:11:49.801127,510,-9593,-8486883,9180
2025-06-26T00:11:51.252226,510,-9596,-8496479,9180
2025-06-26T00:11:52.700101,514,-9633,-8506112,9252
2025-06-26T00:11:54.146859,518,-9606,-8515718,9324
2025-06-26T00:11:55.594722,513,-9537,-8525255,9234
2025-06-26T00:11:57.045565,513,-9465,-8534720,9234
2025-06-26T00:11:58.498511,518,-9517,-8544237,9324
2025-06-26T00:11:59.944251,517,-9461,-8553698,9306
2025-06-26T00:12:01.392094,512,-9455,-8563153,9216
2025-06-26T00:12:02.842802,514,-9150,-8572303,9252
2025-06-26T00:12:04.290501,515,-9397,-8581700,9270
2025-06-26T00:12:05.737304,515,-9514,-8591214,9270
2025-06-26T00:12:07.184903,518,-9562,-8600776,9324
2025-06-26T00:12:08.635618,514,-9476,-8610252,9252
2025-06-26T00:12:10.083365,516,-9389,-8619641,9288
2025-06-26T00:12:11.533996,514,-9400,-8629041,9252
2025-06-26T00:12:12.981716,518,-9310,-8638351,9324
2025-06-26T00:12:14.432373,514,-9035,-8647386,9252
2025-06-26T00:12:15.880167,515,-8754,-8656140,9270
2025-06-26T00:12:17.326902,512,-9021,-8665161,9216
2025-06-26T00:12:18.774429,519,-8345,-8673506,9342
2025-06-26T00:12:20.225165,518,-8573,-8682079,9324
2025-06-26T00:12:21.672819,509,-7725,-8689804,9162
2025-06-26T00:12:23.123433,515,-7593,-8697397,9270
2025-06-26T00:12:24.571759,512,-6937,-8704334,9216
2025-06-26T00:12:26.027486,518,-7972,-8712306,9324
2025-06-26T00:12:27.469406,503,-7459,-8719765,9054
2025-06-26T00:12:28.915913,514,-7614,-8727379,9252
2025-06-26T00:12:30.363578,508,-6651,-8734030,9144
2025-06-26T00:12:31.814104,512,-6771,-8740801,9216
2025-06-26T00:12:33.261885,510,-5563,-8746364,9180
2025-06-26T00:12:34.712527,512,-9256,-8755620,9216
2025-06-26T00:12:36.160129,515,-9289,-8764909,9270
2025-06-26T00:12:37.610807,514,-8375,-8773284,9252
2025-06-26T00:12:39.058464,515,-8116,-8781400,9270
2025-06-26T00:12:40.505453,516,-7844,-8789244,9288
2025-06-26T00:12:41.952708,512,-7230,-8796474,9216
2025-06-26T00:12:43.403268,514,-7868,-8804342,9252
2025-06-26T00:12:44.850823,510,-5328,-8809670,9180
2025-06-26T00:12:46.301516,514,-9443,-8819113,9252
2025-06-26T00:12:47.749178,516,-8972,-8828085,9288
2025-06-26T00:12:49.199795,514,-7227,-8835312,9252
2025-06-26T00:12:50.647384,512,-4987,-8840299,9216
2025-06-26T00:12:52.093949,511,-5636,-8845935,9198
2025-06-26T00:12:53.541594,509,-6425,-8852360,9162
2025-06-26T00:12:54.992140,509,-6405,-8858765,9162
2025-06-26T00:12:56.439809,509,-4219,-8862984,9162
2025-06-26T00:12:57.890417,508,-5095,-8868079,9144
2025-06-26T00:12:59.337968,511,-6870,-8874949,9198
2025-06-26T00:13:00.788644,504,-8511,-8883460,9072
2025-06-26T00:13:02.236187,507,-7640,-8891100,9126
2025-06-26T00:13:03.682874,510,-6917,-8898017,9180
2025-06-26T00:13:05.130493,503,-3058,-8901075,9054
2025-06-26T00:13:06.581138,508,-4197,-8905272,9144
2025-06-26T00:13:08.028689,504,-4382,-8909654,9072
2025-06-26T00:13:09.479411,507,-4438,-8914092,9126
2025-06-26T00:13:10.927035,506,-4158,-8918250,9108
2025-06-26T00:13:12.377616,507,-4671,-8922921,9126
2025-06-26T00:13:13.825110,508,-3948,-8926869,9144
2025-06-26T00:13:15.271863,508,-4635,-8931504,9144
2025-06-26T00:13:16.719429,504,-3895,-8935399,9072
2025-06-26T00:13:18.170018,502,-3766,-8939165,9036
2025-06-26T00:13:19.617712,507,-3425,-8942590,9126
2025-06-26T00:13:21.068357,502,-2973,-8945563,9036
2025-06-26T00:13:22.515783,507,-3407,-8948970,9126
2025-06-26T00:13:23.966515,513,-3137,-8952107,9234
2025-06-26T00:13:25.414069,503,-2855,-8954962,9054
2025-06-26T00:13:26.860566,507,-2770,-8957732,9126
2025-06-26T00:13:28.308184,505,-2813,-8960545,9090
2025-06-26T00:13:29.758955,502,-2770,-8963315,9036
2025-06-26T00:13:31.206482,506,-2948,-8966263,9108
2025-06-26T00:13:32.657223,505,-2861,-8969124,9090
2025-06-26T00:13:34.104759,500,-2913,-8972037,9000
2025-06-26T00:13:35.555318,503,-2804,-8974841,9054
2025-06-26T00:13:37.003035,501,-2806,-8977647,9018
2025-06-26T00:13:38.449647,503,-2768,-8980415,9054
2025-06-26T00:13:39.897231,503,-2806,-8983221,9054
2025-06-26T00:13:41.347879,509,-2797,-8986018,9162
2025-06-26T00:13:42.795498,506,-2796,-8988814,9108
2025-06-26T00:13:44.246150,503,-2849,-8991663,9054
2025-06-26T00:13:45.693733,505,-3431,-8995094,9090
2025-06-26T00:13:47.144304,502,-2976,-8998070,9036
2025-06-26T00:13:48.591944,503,-2838,-9000908,9054
2025-06-26T00:13:50.038479,505,-2810,-9003718,9090
2025-06-26T00:13:51.486068,508,-2769,-9006487,9144
2025-06-26T00:13:52.936713,498,-2743,-9009230,8964
2025-06-26T00:13:54.384333,510,-4531,-9013761,9180
2025-06-26T00:13:55.834913,506,-3352,-9017113,9108
2025-06-26T00:13:57.282527,506,-3025,-9020138,9108
2025-06-26T00:13:58.733231,504,-2849,-9022987,9072
2025-06-26T00:14:00.180759,500,-2808,-9025795,9000
2025-06-26T00:14:01.627428,515,-6011,-9031806,9270
2025-06-26T00:14:03.075500,509,-5453,-9037259,9162
2025-06-26T00:14:04.525639,509,-5488,-9042747,9162
2025-06-26T00:14:05.973211,504,-5483,-9048230,9072
2025-06-26T00:14:07.423833,508,-5642,-9053872,9144
2025-06-26T00:14:08.871391,509,-5427,-9059299,9162
2025-06-26T00:14:10.322092,512,-5447,-9064746,9216
2025-06-26T00:14:11.769708,505,-5160,-9069906,9090
2025-06-26T00:14:13.216233,505,-5585,-9075491,9090
2025-06-26T00:14:14.663858,511,-6013,-9081504,9198
2025-06-26T00:14:16.114470,505,-4633,-9086137,9090
2025-06-26T00:14:17.562101,510,-5181,-9091318,9180
2025-06-26T00:14:19.012714,509,-4470,-9095788,9162
2025-06-26T00:14:20.460315,507,-5577,-9101365,9126
2025-06-26T00:14:21.910955,511,-9093,-9110458,9198
2025-06-26T00:14:23.358547,510,-7770,-9118228,9180
2025-06-26T00:14:24.805213,515,-9352,-9127580,9270
2025-06-26T00:14:26.252883,511,-8943,-9136523,9198
2025-06-26T00:14:27.703443,520,-9364,-9145887,9360
2025-06-26T00:14:29.151064,511,-9096,-9154983,9198
2025-06-26T00:14:30.601658,510,-7136,-9162119,9180
2025-06-26T00:14:32.049279,506,-6982,-9169101,9108
2025-06-26T00:14:33.499873,511,-6801,-9175902,9198
2025-06-26T00:14:34.947545,510,-6897,-9182799,9180
2025-06-26T00:14:36.394034,512,-6692,-9189491,9216
2025-06-26T00:14:37.841643,516,-6685,-9196176,9288
2025-06-26T00:14:39.292286,516,-6496,-9202672,9288
2025-06-26T00:14:40.739873,512,-6185,-9208857,9216
2025-06-26T00:14:42.190562,509,-6932,-9215789,9162
2025-06-26T00:14:43.638121,513,-6942,-9222731,9234
2025-06-26T00:14:45.088729,512,-6854,-9229585,9216
2025-06-26T00:14:46.536327,510,-6837,-9236422,9180
2025-06-26T00:14:47.982996,513,-6664,-9243086,9234
2025-06-26T00:14:49.430636,514,-6901,-9249987,9252
2025-06-26T00:14:50.881245,516,-6804,-9256791,9288
2025-06-26T00:14:52.328858,511,-6480,-9263271,9198
2025-06-26T00:14:53.779355,506,-6393,-9269664,9108
2025-06-26T00:14:55.227065,511,-6522,-9276186,9198
2025-06-26T00:14:56.677680,517,-6356,-9282542,9306
2025-06-26T00:14:58.125282,515,-6090,-9288632,9270
2025-06-26T00:14:59.571942,509,-6099,-9294731,9162
2025-06-26T00:15:01.019487,510,-6107,-9300838,9180
2025-06-26T00:15:02.470059,516,-9318,-9310156,9288
2025-06-26T00:15:03.917619,509,-8663,-9318819,9162
2025-06-26T00:15:05.368257,505,-6297,-9325116,9090
2025-06-26T00:15:06.815893,510,-5013,-9330129,9180
2025-06-26T00:15:08.266506,508,-4147,-9334276,9144
2025-06-26T00:15:09.714137,512,-4741,-9339017,9216
2025-06-26T00:15:11.160854,506,-4244,-9343261,9108
2025-06-26T00:15:12.608388,505,-4223,-9347484,9090
2025-06-26T00:15:14.059059,511,-4969,-9352453,9198
2025-06-26T00:15:15.506664,508,-3851,-9356304,9144
2025-06-26T00:15:16.957275,510,-4686,-9360990,9180
2025-06-26T00:15:18.405622,509,-3509,-9364499,9162
2025-06-26T00:15:19.855482,508,-3686,-9368185,9144
2025-06-26T00:15:21.303076,503,-4984,-9373169,9054
2025-06-26T00:15:22.749670,514,-9404,-9382573,9252
2025-06-26T00:15:24.197261,514,-8865,-9391438,9252
2025-06-26T00:15:25.647912,512,-6859,-9398297,9216
2025-06-26T00:15:27.095471,508,-4660,-9402957,9144
2025-06-26T00:15:28.546236,506,-3388,-9406345,9108
2025-06-26T00:15:29.993686,503,-2960,-9409305,9054
2025-06-26T00:15:31.444461,512,-7149,-9416454,9216
2025-06-26T00:15:32.891961,510,-4369,-9420823,9180
2025-06-26T00:15:34.338689,510,-3462,-9424285,9180
2025-06-26T00:15:35.786145,512,-3423,-9427708,9216
2025-06-26T00:15:37.236849,502,-2862,-9430570,9036
2025-06-26T00:15:38.684468,504,-3037,-9433607,9072
2025-06-26T00:15:40.135134,499,-2884,-9436491,8982
2025-06-26T00:15:41.582686,508,-3386,-9439877,9144
2025-06-26T00:15:43.033257,507,-3336,-9443213,9126
2025-06-26T00:15:44.480924,501,-2894,-9446107,9018
2025-06-26T00:15:45.927638,502,-2876,-9448983,9036
2025-06-26T00:15:47.375028,506,-3716,-9452699,9108
2025-06-26T00:15:48.825797,502,-2989,-9455688,9036
2025-06-26T00:15:50.273306,502,-2896,-9458584,9036
2025-06-26T00:15:51.723924,500,-2962,-9461546,9000
2025-06-26T00:15:53.171583,503,-2940,-9464486,9054
2025-06-26T00:15:54.622407,510,-2947,-9467433,9180
2025-06-26T00:15:56.069656,514,-5833,-9473266,9252
2025-06-26T00:15:57.516448,510,-4250,-9477516,9180
2025-06-26T00:15:58.963971,509,-3141,-9480657,9162
2025-06-26T00:16:00.414658,503,-2910,-9483567,9054
2025-06-26T00:16:01.862364,505,-2937,-9486504,9090
2025-06-26T00:16:03.312884,507,-2858,-9489362,9126
2025-06-26T00:16:04.760515,503,-2903,-9492265,9054
2025-06-26T00:16:06.211087,501,-2884,-9495149,9018
2025-06-26T00:16:07.658697,505,-2764,-9497913,9090
2025-06-26T00:16:09.105373,506,-2789,-9500702,9108
2025-06-26T00:16:10.553025,502,-2908,-9503610,9036
2025-06-26T00:16:12.003588,505,-2760,-9506370,9090
2025-06-26T00:16:13.451289,501,-2727,-9509097,9018
2025-06-26T00:16:14.901860,503,-2695,-9511792,9054
2025-06-26T00:16:16.349447,506,-4671,-9516463,9108
2025-06-26T00:16:17.800069,514,-9365,-9525828,9252
2025-06-26T00:16:19.247692,515,-8649,-9534477,9270
2025-06-26T00:16:20.694279,513,-7958,-9542435,9234
2025-06-26T00:16:22.141890,513,-7594,-9550029,9234
2025-06-26T00:16:23.592494,512,-8657,-9558686,9216
2025-06-26T00:16:25.040085,513,-9241,-9567927,9234
2025-06-26T00:16:26.490571,515,-8765,-9576692,9270
2025-06-26T00:16:27.938393,515,-6821,-9583513,9270
2025-06-26T00:16:29.388950,511,-4676,-9588189,9198
2025-06-26T00:16:30.836532,504,-3371,-9591560,9072
2025-06-26T00:16:32.283219,504,-2842,-9594402,9072
2025-06-26T00:16:33.730720,506,-2740,-9597142,9108
2025-06-26T00:16:35.181698,503,-2733,-9599875,9054
2025-06-26T00:16:36.629031,506,-2739,-9602614,9108
2025-06-26T00:16:38.079697,498,-2716,-9605330,8964
2025-06-26T00:16:39.527274,505,-2732,-9608062,9090
2025-06-26T00:16:40.977747,516,-8090,-9616152,9288
2025-06-26T00:16:42.425571,513,-6687,-9622839,9234
2025-06-26T00:16:43.871966,514,-6057,-9628896,9252
2025-06-26T00:16:45.319709,510,-5533,-9634429,9180
2025-06-26T00:16:46.767265,422,26,-9634403,7596
2025-06-26T00:16:48.214853,422,36,-9634367,7596
2025-06-26T00:16:49.661539,422,28,-9634339,7596
2025-06-26T00:16:51.109214,422,32,-9634307,7596
2025-06-26T00:16:52.555774,420,36,-9634271,7560
2025-06-26T00:16:54.003357,421,34,-9634237,7578
2025-06-26T00:16:55.449981,421,34,-9634203,7578
2025-06-26T00:16:56.897564,422,30,-9634173,7596
2025-06-26T00:16:58.347255,514,-6007,-9640180,9252
2025-06-26T00:16:59.794791,510,-4128,-9644308,9180
2025-06-26T00:17:01.245420,505,-3117,-9647425,9090
2025-06-26T00:17:02.693021,504,-2780,-9650205,9072
2025-06-26T00:17:04.143665,501,-2663,-9652868,9018
2025-06-26T00:17:05.591278,514,-6849,-9659717,9252
2025-06-26T00:17:07.041909,509,-5610,-9665327,9162
2025-06-26T00:17:08.489492,510,-4792,-9670119,9180
2025-06-26T00:17:09.940160,509,-4142,-9674261,9162
2025-06-26T00:17:11.387773,507,-3219,-9677480,9126
2025-06-26T00:17:12.838332,505,-2942,-9680422,9090
2025-06-26T00:17:14.285935,511,-5393,-9685815,9198
2025-06-26T00:17:15.736594,511,-5498,-9691313,9198
2025-06-26T00:17:17.184243,511,-5522,-9696835,9198
2025-06-26T00:17:18.631807,420,34,-9696801,7560
2025-06-26T00:17:20.079478,422,27,-9696774,7596
2025-06-26T00:17:21.526117,421,28,-9696746,7578
2025-06-26T00:17:22.973485,422,33,-9696713,7596
2025-06-26T00:17:24.420348,422,34,-9696679,7596
2025-06-26T00:17:25.867924,422,34,-9696645,7596
2025-06-26T00:17:27.316349,420,33,-9696612,7560
2025-06-26T00:17:28.764051,447,-951,-9697563,8046
2025-06-26T00:17:30.211831,510,-4635,-9702198,9180
2025-06-26T00:17:31.659323,503,-4478,-9706676,9054
2025-06-26T00:17:33.109909,511,-4423,-9711099,9198
2025-06-26T00:17:34.557546,510,-4898,-9715997,9180
2025-06-26T00:17:36.008079,509,-3777,-9719774,9162
2025-06-26T00:17:37.455821,504,-4212,-9723986,9072
2025-06-26T00:17:38.906335,515,-4201,-9728187,9270
2025-06-26T00:17:40.354042,504,-3730,-9731917,9072
2025-06-26T00:17:41.804587,506,-3860,-9735777,9108
2025-06-26T00:17:43.252292,505,-4172,-9739949,9090
2025-06-26T00:17:44.702884,504,-3265,-9743214,9072
2025-06-26T00:17:46.150509,509,-2700,-9745914,9162
2025-06-26T00:17:47.601083,509,-8411,-9754325,9162
2025-06-26T00:17:49.048627,511,-8083,-9762408,9198
2025-06-26T00:17:50.499339,511,-7691,-9770099,9198
2025-06-26T00:17:51.946897,514,-6833,-9776932,9252
2025-06-26T00:17:53.397487,512,-5627,-9782559,9216
2025-06-26T00:17:54.845142,508,-4446,-9787005,9144
2025-06-26T00:17:56.295781,505,-3461,-9790466,9090
2025-06-26T00:17:57.743391,503,-2827,-9793293,9054
2025-06-26T00:17:59.194009,498,-2524,-9795817,8964
2025-06-26T00:18:00.641598,495,-2385,-9798202,8910
2025-06-26T00:18:02.092226,492,-2319,-9800521,8856
2025-06-26T00:18:03.539816,498,-2290,-9802811,8964
2025-06-26T00:18:04.990365,495,-2280,-9805091,8910
2025-06-26T00:18:06.438089,496,-2280,-9807371,8928
2025-06-26T00:18:07.888668,491,-2274,-9809645,8838
2025-06-26T00:18:09.336255,490,-2287,-9811932,8820
2025-06-26T00:18:10.786904,487,-2300,-9814232,8766
2025-06-26T00:18:12.234554,513,-6885,-9821117,9234
2025-06-26T00:18:13.685247,516,-8174,-9829291,9288
2025-06-26T00:18:15.132777,516,-7790,-9837081,9288
2025-06-26T00:18:16.583485,510,-6582,-9843663,9180
2025-06-26T00:18:18.030959,507,-5123,-9848786,9126
2025-06-26T00:18:19.481733,507,-3972,-9852758,9126
2025-06-26T00:18:20.929244,511,-3178,-9855936,9198
2025-06-26T00:18:22.379952,502,-2728,-9858664,9036
2025-06-26T00:18:23.827473,508,-3696,-9862360,9144
2025-06-26T00:18:25.278178,501,-2999,-9865359,9018
2025-06-26T00:18:26.725695,504,-2613,-9867972,9072
2025-06-26T00:18:28.172393,494,-2458,-9870430,8892
2025-06-26T00:18:29.619940,493,-2377,-9872807,8874
2025-06-26T00:18:31.070583,494,-2325,-9875132,8892
2025-06-26T00:18:32.518183,497,-2362,-9877494,8946
2025-06-26T00:18:33.968701,496,-2329,-9879823,8928
2025-06-26T00:18:35.416425,497,-2820,-9882643,8946
2025-06-26T00:18:36.867034,503,-3073,-9885716,9054
2025-06-26T00:18:38.314630,503,-2666,-9888382,9054
2025-06-26T00:18:39.761313,495,-2467,-9890849,8910
2025-06-26T00:18:41.208890,493,-2397,-9893246,8874
2025-06-26T00:18:42.659632,492,-2401,-9895647,8856
2025-06-26T00:18:44.107077,498,-2368,-9898015,8964
2025-06-26T00:18:45.557790,496,-2332,-9900347,8928
2025-06-26T00:18:47.005403,494,-2339,-9902686,8892
2025-06-26T00:18:48.455974,494,-2329,-9905015,8892
2025-06-26T00:18:49.903486,494,-2329,-9907344,8892
2025-06-26T00:18:51.350099,500,-2339,-9909683,9000
2025-06-26T00:18:52.797761,497,-2260,-9911943,8946
2025-06-26T00:18:54.244423,421,4,-9911939,7578
2025-06-26T00:18:55.689036,421,33,-9911906,7578
2025-06-26T00:18:57.135652,423,33,-9911873,7614
2025-06-26T00:18:58.583225,424,34,-9911839,7632
2025-06-26T00:19:00.029731,420,33,-9911806,7560
2025-06-26T00:19:01.477516,419,32,-9911774,7542
2025-06-26T00:19:02.924074,420,34,-9911740,7560
2025-06-26T00:19:04.371657,421,34,-9911706,7578
2025-06-26T00:19:05.818340,419,34,-9911672,7542
2025-06-26T00:19:07.265929,421,33,-9911639,7578
2025-06-26T00:19:08.715527,504,-3163,-9914802,9072
2025-06-26T00:19:10.163135,503,-2644,-9917446,9054
2025-06-26T00:19:11.613759,498,-2458,-9919904,8964
2025-06-26T00:19:13.061368,498,-2383,-9922287,8964
2025-06-26T00:19:14.511962,497,-2418,-9924705,8946
2025-06-26T00:19:15.959585,502,-2356,-9927061,9036
2025-06-26T00:19:17.410209,500,-2639,-9929700,9000
2025-06-26T00:19:18.857828,496,-2439,-9932139,8928
2025-06-26T00:19:20.308448,491,-2374,-9934513,8838
2025-06-26T00:19:21.756084,495,-2356,-9936869,8910
2025-06-26T00:19:23.206676,491,-2333,-9939202,8838
2025-06-26T00:19:24.654346,495,-2332,-9941534,8910
2025-06-26T00:19:26.104935,497,-2320,-9943854,8946
2025-06-26T00:19:27.552574,496,-2334,-9946188,8928
2025-06-26T00:19:29.002993,495,-2332,-9948520,8910
2025-06-26T00:19:30.450598,495,-2336,-9950856,8910
2025-06-26T00:19:31.901266,497,-2338,-9953194,8946
2025-06-26T00:19:33.348873,493,-2342,-9955536,8874
2025-06-26T00:19:34.799503,495,-2391,-9957927,8910
2025-06-26T00:19:36.247232,493,-2394,-9960321,8874
2025-06-26T00:19:37.697831,502,-2361,-9962682,9036
2025-06-26T00:19:39.145404,485,-2346,-9965028,8730
2025-06-26T00:19:40.596048,494,-2352,-9967380,8892
2025-06-26T00:19:42.043690,492,-2362,-9969742,8856
2025-06-26T00:19:43.494279,498,-2361,-9972103,8964
2025-06-26T00:19:44.941899,496,-2356,-9974459,8928
2025-06-26T00:19:46.392491,498,-2363,-9976822,8964
2025-06-26T00:19:47.840094,497,-2353,-9979175,8946
2025-06-26T00:19:49.290742,497,-2381,-9981556,8946
2025-06-26T00:19:50.738371,493,-2382,-9983938,8874
2025-06-26T00:19:52.188993,497,-2387,-9986325,8946
2025-06-26T00:19:53.636569,499,-2395,-9988720,8982
2025-06-26T00:19:55.087216,501,-2392,-9991112,9018
2025-06-26T00:19:56.534769,499,-2454,-9993566,8982
2025-06-26T00:19:57.985352,498,-2460,-9996026,8964
2025-06-26T00:19:59.433065,498,-2402,-9998428,8964
2025-06-26T00:20:00.884687,495,-2378,-10000806,8910
2025-06-26T00:20:02.336325,496,-2394,-10003200,8928
2025-06-26T00:20:03.786837,494,-2389,-10005589,8892
2025-06-26T00:20:05.238544,498,-2419,-10008008,8964
2025-06-26T00:20:06.689079,496,-2399,-10010407,8928
2025-06-26T00:20:08.140807,498,-2385,-10012792,8964
2025-06-26T00:20:09.591407,496,-2388,-10015180,8928
2025-06-26T00:20:11.043006,502,-2438,-10017618,9036
2025-06-26T00:20:12.494657,500,-2396,-10020014,9000
2025-06-26T00:20:13.945287,501,-2545,-10022559,9018
2025-06-26T00:20:15.395867,499,-2422,-10024981,8982
2025-06-26T00:20:16.847395,492,-2432,-10027413,8856
2025-06-26T00:20:18.299023,494,-2424,-10029837,8892
2025-06-26T00:20:19.749651,496,-2400,-10032237,8928
2025-06-26T00:20:21.201233,496,-2404,-10034641,8928
2025-06-26T00:20:22.652441,491,-2381,-10037022,8838
2025-06-26T00:20:24.103411,498,-2375,-10039397,8964
2025-06-26T00:20:25.554193,496,-2382,-10041779,8928
2025-06-26T00:20:27.005622,493,-2370,-10044149,8874
2025-06-26T00:20:28.456375,499,-2375,-10046524,8982
2025-06-26T00:20:29.908010,499,-2393,-10048917,8982
2025-06-26T00:20:31.358478,496,-2383,-10051300,8928
2025-06-26T00:20:32.810228,496,-2378,-10053678,8928
2025-06-26T00:20:34.260774,497,-2366,-10056044,8946
2025-06-26T00:20:35.712381,497,-2380,-10058424,8946
2025-06-26T00:20:37.163117,499,-2372,-10060796,8982
2025-06-26T00:20:38.614619,493,-2362,-10063158,8874
2025-06-26T00:20:40.065221,509,-5401,-10068559,9162
2025-06-26T00:20:41.516729,515,-8281,-10076840,9270
2025-06-26T00:20:42.967526,510,-7958,-10084798,9180
2025-06-26T00:20:44.419029,511,-7033,-10091831,9198
2025-06-26T00:20:45.869894,509,-5772,-10097603,9162
2025-06-26T00:20:47.321371,510,-4654,-10102257,9180
2025-06-26T00:20:48.772894,512,-3751,-10106008,9216
2025-06-26T00:20:50.223484,500,-3167,-10109175,9000
2025-06-26T00:20:51.675063,501,-2828,-10112003,9018
2025-06-26T00:20:53.125745,496,-2619,-10114622,8928
2025-06-26T00:20:54.577324,499,-2525,-10117147,8982
2025-06-26T00:20:56.027925,497,-2453,-10119600,8946
2025-06-26T00:20:57.479589,500,-2403,-10122003,9000
2025-06-26T00:20:58.930267,495,-2381,-10124384,8910
2025-06-26T00:21:00.381893,495,-2360,-10126744,8910
2025-06-26T00:21:01.832507,492,-2362,-10129106,8856
2025-06-26T00:21:03.284038,494,-2362,-10131468,8892
2025-06-26T00:21:04.734608,500,-2385,-10133853,9000
2025-06-26T00:21:06.186197,502,-2445,-10136298,9036
2025-06-26T00:21:07.636821,495,-2426,-10138724,8910
2025-06-26T00:21:09.088418,499,-2453,-10141177,8982
2025-06-26T00:21:10.539197,493,-2420,-10143597,8874
2025-06-26T00:21:11.990692,495,-2414,-10146011,8910
2025-06-26T00:21:13.441394,497,-2413,-10148424,8946
2025-06-26T00:21:14.892870,494,-2403,-10150827,8892
2025-06-26T00:21:16.343503,496,-2468,-10153295,8928
2025-06-26T00:21:17.795211,500,-3825,-10157120,9000
2025-06-26T00:21:19.245865,519,-8370,-10165490,9342
2025-06-26T00:21:20.697431,517,-8143,-10173633,9306
2025-06-26T00:21:22.148074,515,-7760,-10181393,9270
2025-06-26T00:21:23.599614,513,-6475,-10187868,9234
2025-06-26T00:21:25.051253,507,-5033,-10192901,9126
2025-06-26T00:21:26.501861,512,-3944,-10196845,9216
2025-06-26T00:21:27.953453,507,-3245,-10200090,9126
2025-06-26T00:21:29.404089,511,-2809,-10202899,9198
2025-06-26T00:21:30.855678,496,-2565,-10205464,8928
2025-06-26T00:21:32.306231,495,-2458,-10207922,8910
2025-06-26T00:21:33.757934,496,-2410,-10210332,8928
2025-06-26T00:21:35.208475,498,-2381,-10212713,8964
2025-06-26T00:21:36.660063,494,-2362,-10215075,8892
2025-06-26T00:21:38.110879,493,-2459,-10217534,8874
2025-06-26T00:21:39.562407,502,-2712,-10220246,9036
2025-06-26T00:21:41.013027,503,-2808,-10223054,9054
2025-06-26T00:21:42.464690,502,-2920,-10225974,9036
2025-06-26T00:21:43.915290,501,-2543,-10228517,9018
2025-06-26T00:21:45.366894,496,-2418,-10230935,8928
2025-06-26T00:21:46.817466,507,-3017,-10233952,9126
2025-06-26T00:21:48.268951,503,-2560,-10236512,9054
2025-06-26T00:21:49.719735,494,-2433,-10238945,8892
2025-06-26T00:21:51.171112,495,-2397,-10241342,8910
2025-06-26T00:21:52.622137,492,-2366,-10243708,8856
2025-06-26T00:21:54.073518,494,-2372,-10246080,8892
2025-06-26T00:21:55.524086,494,-2351,-10248431,8892
2025-06-26T00:21:56.975674,492,-2350,-10250781,8856
2025-06-26T00:21:58.426411,498,-2372,-10253153,8964
2025-06-26T00:21:59.877925,495,-2360,-10255513,8910
2025-06-26T00:22:01.328561,498,-2361,-10257874,8964
2025-06-26T00:22:02.780076,501,-2580,-10260454,9018
2025-06-26T00:22:04.231728,501,-2415,-10262869,9018
2025-06-26T00:22:05.682315,494,-2381,-10265250,8892
2025-06-26T00:22:07.134078,494,-2359,-10267609,8892
2025-06-26T00:22:08.584555,495,-2359,-10269968,8910
2025-06-26T00:22:10.036084,500,-2547,-10272515,9000
2025-06-26T00:22:11.486916,495,-2426,-10274941,8910
2025-06-26T00:22:12.938527,493,-2393,-10277334,8874
2025-06-26T00:22:14.389078,493,-2368,-10279702,8874
2025-06-26T00:22:15.840738,497,-2362,-10282064,8946
2025-06-26T00:22:17.291259,493,-2367,-10284431,8874
2025-06-26T00:22:18.742986,499,-2369,-10286800,8982
2025-06-26T00:22:20.193542,500,-2351,-10289151,9000
2025-06-26T00:22:21.644997,502,-2365,-10291516,9036
2025-06-26T00:22:23.095687,498,-2363,-10293879,8964
2025-06-26T00:22:24.547247,493,-2359,-10296238,8874
2025-06-26T00:22:25.997981,496,-2354,-10298592,8928
2025-06-26T00:22:27.449470,498,-2350,-10300942,8964
2025-06-26T00:22:28.900192,497,-2356,-10303298,8946
2025-06-26T00:22:30.351995,512,-7986,-10311284,9216
2025-06-26T00:22:31.802498,508,-7227,-10318511,9144
2025-06-26T00:22:33.254066,513,-6617,-10325128,9234
2025-06-26T00:22:34.704677,513,-5521,-10330649,9234
2025-06-26T00:22:36.156389,506,-4692,-10335341,9108
2025-06-26T00:22:37.606880,509,-3929,-10339270,9162
2025-06-26T00:22:39.058602,504,-3771,-10343041,9072
2025-06-26T00:22:40.510193,503,-3097,-10346138,9054
2025-06-26T00:22:41.960711,507,-4088,-10350226,9126
2025-06-26T00:22:43.412373,506,-2888,-10353114,9108
2025-06-26T00:22:44.862978,505,-2967,-10356081,9090
2025-06-26T00:22:46.314550,502,-2883,-10358964,9036
2025-06-26T00:22:47.765167,502,-2810,-10361774,9036
2025-06-26T00:22:49.216817,504,-2644,-10364418,9072
2025-06-26T00:22:50.667456,502,-2563,-10366981,9036
2025-06-26T00:22:52.119016,500,-2532,-10369513,9000
2025-06-26T00:22:53.569560,500,-2447,-10371960,9000
2025-06-26T00:22:55.021199,499,-2531,-10374491,8982
2025-06-26T00:22:56.471953,499,-2546,-10377037,8982
2025-06-26T00:22:57.923466,502,-3041,-10380078,9036
2025-06-26T00:22:59.374143,501,-2553,-10382631,9018
2025-06-26T00:23:00.825770,496,-2458,-10385089,8928
2025-06-26T00:23:02.276334,495,-2392,-10387481,8910
2025-06-26T00:23:03.727926,494,-2433,-10389914,8892
2025-06-26T00:23:05.178586,490,-2439,-10392353,8820
2025-06-26T00:23:06.630297,496,-2403,-10394756,8928
2025-06-26T00:23:08.080727,498,-2359,-10397115,8964
2025-06-26T00:23:09.532303,501,-2387,-10399502,9018
2025-06-26T00:23:10.983019,498,-2447,-10401949,8964
2025-06-26T00:23:12.434656,498,-2496,-10404445,8964
2025-06-26T00:23:13.885319,495,-2406,-10406851,8910
2025-06-26T00:23:15.336885,498,-2414,-10409265,8964
2025-06-26T00:23:16.788555,497,-2385,-10411650,8946
2025-06-26T00:23:18.239144,492,-2404,-10414054,8856
2025-06-26T00:23:19.690623,494,-2416,-10416470,8892
2025-06-26T00:23:21.141288,498,-2366,-10418836,8964
2025-06-26T00:23:22.592991,498,-2341,-10421177,8964
2025-06-26T00:23:24.043493,492,-2345,-10423522,8856
2025-06-26T00:23:25.495052,494,-2366,-10425888,8892
2025-06-26T00:23:26.945840,516,-8434,-10434322,9288
2025-06-26T00:23:28.397371,514,-8328,-10442650,9252
2025-06-26T00:23:29.847914,515,-8085,-10450735,9270
2025-06-26T00:23:31.299664,508,-6973,-10457708,9144
2025-06-26T00:23:32.750151,515,-5717,-10463425,9270
2025-06-26T00:23:34.201671,515,-5543,-10468968,9270
2025-06-26T00:23:35.652283,510,-4998,-10473966,9180
2025-06-26T00:23:37.103967,513,-8375,-10482341,9234
2025-06-26T00:23:38.554626,512,-8402,-10490743,9216
2025-06-26T00:23:40.006268,515,-8165,-10498908,9270
2025-06-26T00:23:41.456835,510,-6891,-10505799,9180
2025-06-26T00:23:42.908447,513,-5773,-10511572,9234
2025-06-26T00:23:44.359213,513,-6427,-10517999,9234
2025-06-26T00:23:45.810635,508,-5587,-10523586,9144
2025-06-26T00:23:47.261372,508,-5867,-10529453,9144
2025-06-26T00:23:48.712992,520,-7724,-10537177,9360
2025-06-26T00:23:50.163587,514,-8095,-10545272,9252
2025-06-26T00:23:51.615264,518,-7241,-10552513,9324
2025-06-26T00:23:53.066891,513,-8051,-10560564,9234
2025-06-26T00:23:54.517531,516,-7976,-10568540,9288
2025-06-26T00:23:55.969108,514,-8073,-10576613,9252
2025-06-26T00:23:57.419596,518,-8038,-10584651,9324
2025-06-26T00:23:58.871337,514,-7043,-10591694,9252
2025-06-26T00:24:00.321929,512,-5048,-10596742,9216
2025-06-26T00:24:01.773500,509,-3504,-10600246,9162
2025-06-26T00:24:03.224055,520,-8209,-10608455,9360
2025-06-26T00:24:04.675832,515,-7966,-10616421,9270
2025-06-26T00:24:06.126231,521,-8162,-10624583,9378
2025-06-26T00:24:07.578036,515,-7373,-10631956,9270
2025-06-26T00:24:09.028455,517,-6425,-10638381,9306
2025-06-26T00:24:10.480090,513,-8350,-10646731,9234
2025-06-26T00:24:11.930654,512,-8102,-10654833,9216
2025-06-26T00:24:13.382349,511,-7312,-10662145,9198
2025-06-26T00:24:14.832991,511,-5351,-10667496,9198
2025-06-26T00:24:16.284625,506,-3663,-10671159,9108
2025-06-26T00:24:17.735230,502,-2819,-10673978,9036
2025-06-26T00:24:19.186773,505,-2882,-10676860,9090
2025-06-26T00:24:20.637528,501,-2841,-10679701,9018
2025-06-26T00:24:22.089110,508,-2979,-10682680,9144
2025-06-26T00:24:23.539663,509,-2956,-10685636,9162
2025-06-26T00:24:24.991597,502,-2720,-10688356,9036
2025-06-26T00:24:26.441929,500,-2879,-10691235,9000
2025-06-26T00:24:27.893456,514,-5160,-10696395,9252
2025-06-26T00:24:29.345154,515,-6109,-10702504,9270
2025-06-26T00:24:30.795780,510,-5167,-10707671,9180
2025-06-26T00:24:32.247273,509,-4022,-10711693,9162
2025-06-26T00:24:33.698045,512,-6273,-10717966,9216
2025-06-26T00:24:35.149552,511,-7186,-10725152,9198
2025-06-26T00:24:36.600189,515,-6745,-10731897,9270
2025-06-26T00:24:38.051752,512,-6730,-10738627,9216
2025-06-26T00:24:39.502354,515,-5140,-10743767,9270
2025-06-26T00:24:40.954114,508,-3922,-10747689,9144
2025-06-26T00:24:42.404660,510,-6406,-10754095,9180
2025-06-26T00:24:43.856385,509,-4695,-10758790,9162
2025-06-26T00:24:45.306888,518,-6321,-10765111,9324
2025-06-26T00:24:46.758598,511,-4427,-10769538,9198
2025-06-26T00:24:48.209080,515,-5482,-10775020,9270
2025-06-26T00:24:49.660768,515,-7787,-10782807,9270
2025-06-26T00:24:51.111255,510,-5935,-10788742,9180
2025-06-26T00:24:52.562962,513,-7956,-10796698,9234
2025-06-26T00:24:54.013656,523,-6742,-10803440,9414
2025-06-26T00:24:55.465189,513,-4936,-10808376,9234
2025-06-26T00:24:56.915860,508,-3627,-10812003,9144
2025-06-26T00:24:58.367422,511,-7569,-10819572,9198
2025-06-26T00:24:59.817917,517,-5970,-10825542,9306
2025-06-26T00:25:01.269696,509,-4398,-10829940,9162
2025-06-26T00:25:02.720226,510,-5199,-10835139,9180
2025-06-26T00:25:04.171935,506,-3736,-10838875,9108
2025-06-26T00:25:05.623479,508,-2885,-10841760,9144
2025-06-26T00:25:07.074086,496,-2487,-10844247,8928
2025-06-26T00:25:08.525669,496,-2331,-10846578,8928
2025-06-26T00:25:09.976270,499,-2509,-10849087,8982
2025-06-26T00:25:11.427972,511,-6260,-10855347,9198
2025-06-26T00:25:12.878519,513,-7492,-10862839,9234
2025-06-26T00:25:14.330018,513,-5142,-10867981,9234
2025-06-26T00:25:15.780727,508,-3684,-10871665,9144
2025-06-26T00:25:17.232474,503,-2837,-10874502,9054
2025-06-26T00:25:18.683030,502,-2472,-10876974,9036
2025-06-26T00:25:20.134617,501,-2370,-10879344,9018
2025-06-26T00:25:21.585183,501,-2293,-10881637,9018
2025-06-26T00:25:23.036792,503,-3239,-10884876,9054
2025-06-26T00:25:24.487404,497,-2580,-10887456,8946
2025-06-26T00:25:25.939142,499,-2379,-10889835,8982
2025-06-26T00:25:27.389621,508,-5558,-10895393,9144
2025-06-26T00:25:28.841307,510,-3945,-10899338,9180
2025-06-26T00:25:30.291919,504,-3092,-10902430,9072
2025-06-26T00:25:31.743581,507,-2845,-10905275,9126
2025-06-26T00:25:33.194139,501,-2507,-10907782,9018
2025-06-26T00:25:34.645572,496,-2375,-10910157,8928
2025-06-26T00:25:36.096284,498,-2308,-10912465,8964
2025-06-26T00:25:37.547907,513,-3127,-10915592,9234
2025-06-26T00:25:38.998552,501,-2678,-10918270,9018
2025-06-26T00:25:40.450061,500,-2459,-10920729,9000
2025-06-26T00:25:41.901693,500,-2349,-10923078,9000
2025-06-26T00:25:43.352465,495,-2315,-10925393,8910
2025-06-26T00:25:44.803966,495,-2292,-10927685,8910
2025-06-26T00:25:46.254520,503,-2275,-10929960,9054
2025-06-26T00:25:47.706347,496,-2266,-10932226,8928
2025-06-26T00:25:49.156906,488,-2265,-10934491,8784
2025-06-26T00:25:50.608478,497,-2271,-10936762,8946
2025-06-26T00:25:52.059005,494,-2266,-10939028,8892
2025-06-26T00:25:53.510759,495,-2272,-10941300,8910
2025-06-26T00:25:54.961375,494,-2271,-10943571,8892
2025-06-26T00:25:56.412940,487,-2274,-10945845,8766
2025-06-26T00:25:57.863519,499,-2350,-10948195,8982
2025-06-26T00:25:59.315168,500,-2310,-10950505,9000
2025-06-26T00:26:00.765764,496,-2281,-10952786,8928
2025-06-26T00:26:02.217396,509,-8308,-10961094,9162
2025-06-26T00:26:03.668011,513,-8328,-10969422,9234
2025-06-26T00:26:05.119657,515,-7684,-10977106,9270
2025-06-26T00:26:06.570279,517,-6952,-10984058,9306
2025-06-26T00:26:08.021757,509,-4962,-10989020,9162
2025-06-26T00:26:09.472311,508,-4487,-10993507,9144
2025-06-26T00:26:10.923987,511,-4619,-10998126,9198
2025-06-26T00:26:12.374498,509,-4235,-11002361,9162
2025-06-26T00:26:13.826151,513,-3881,-11006242,9234
2025-06-26T00:26:15.277020,505,-3006,-11009248,9090
2025-06-26T00:26:16.728341,500,-2507,-11011755,9000
2025-06-26T00:26:18.178922,498,-2478,-11014233,8964
2025-06-26T00:26:19.630644,499,-2545,-11016778,8982
2025-06-26T00:26:21.082038,502,-2450,-11019228,9036
2025-06-26T00:26:22.532757,499,-2400,-11021628,8982
2025-06-26T00:26:23.984448,498,-2392,-11024020,8964
2025-06-26T00:26:25.433157,426,-15,-11024035,7668
2025-06-26T00:26:26.880304,420,34,-11024001,7560