Timestamp,Tension,Corriente,totalizado,
2025-06-22T15:30:01.251309,0,65491,0,0
2025-06-22T15:30:05.708495,334,0,0,6012
2025-06-22T15:30:07.123295,336,0,0,6048
2025-06-22T15:30:08.538168,335,0,0,6030
2025-06-22T15:30:09.953026,337,0,0,6066
2025-06-22T15:30:11.367872,335,0,0,6030
2025-06-22T15:30:12.782651,338,0,0,6084
2025-06-22T15:30:14.197602,334,0,0,6012
2025-06-22T15:30:15.616664,371,923,923,6678
2025-06-22T15:30:17.036558,373,955,1878,6714
2025-06-22T15:30:18.459566,377,995,2873,6786
2025-06-22T15:30:19.883486,379,1008,3881,6822
2025-06-22T15:30:21.305303,375,990,4871,6750
2025-06-22T15:30:22.728354,376,998,5869,6768
2025-06-22T15:30:24.152290,379,1253,7122,6822
2025-06-22T15:30:25.575235,379,1028,8150,6822
2025-06-22T15:30:26.998089,378,1023,9173,6804
2025-06-22T15:30:28.422094,375,1018,10191,6750
2025-06-22T15:30:29.844930,380,1090,11281,6840
2025-06-22T15:30:31.267965,380,1048,12329,6840
2025-06-22T15:30:32.690803,382,1068,13397,6876
2025-06-22T15:30:34.113776,378,1333,14730,6804
2025-06-22T15:30:35.536673,382,1048,15778,6876
2025-06-22T15:30:36.959643,379,1053,16831,6822
2025-06-22T15:30:38.382486,381,1068,17899,6858
2025-06-22T15:30:39.805491,380,1283,19182,6840
2025-06-22T15:30:41.228458,378,1193,20375,6804
2025-06-22T15:30:42.651418,385,1220,21595,6930
2025-06-22T15:30:44.074337,387,1205,22800,6966
2025-06-22T15:30:45.496152,373,915,23715,6714
2025-06-22T15:30:46.920159,384,1173,24888,6912
2025-06-22T15:30:48.341897,373,770,25658,6714
2025-06-22T15:30:49.765915,385,1243,26901,6930
2025-06-22T15:30:51.188919,384,1220,28121,6912
2025-06-22T15:30:52.611774,390,1395,29516,7020
2025-06-22T15:30:54.034658,389,1298,30814,7002
2025-06-22T15:30:55.457768,390,1320,32134,7020
2025-06-22T15:30:56.880573,389,1290,33424,7002
2025-06-22T15:30:58.303411,388,1228,34652,6984
2025-06-22T15:30:59.726505,389,1303,35955,7002
2025-06-22T15:31:01.149462,387,1518,37473,6966
2025-06-22T15:31:02.572202,387,1313,38786,6966
2025-06-22T15:31:03.995133,392,1338,40124,7056
2025-06-22T15:31:05.418282,390,1315,41439,7020
2025-06-22T15:31:06.840963,390,1295,42734,7020
2025-06-22T15:31:08.264050,388,1313,44047,6984
2025-06-22T15:31:09.687053,384,1650,45697,6912
2025-06-22T15:31:11.108927,366,525,46222,6588
2025-06-22T15:31:12.531713,350,145,46367,6300
2025-06-22T15:31:13.954647,345,140,46507,6210
2025-06-22T15:31:15.377749,347,128,46635,6246
2025-06-22T15:31:16.800717,343,140,46775,6174
2025-06-22T15:31:18.223625,347,130,46905,6246
2025-06-22T15:31:19.646465,342,120,47025,6156
2025-06-22T15:31:21.069435,344,113,47138,6192
2025-06-22T15:31:22.492301,342,103,47241,6156
2025-06-22T15:31:23.915234,343,115,47356,6174
2025-06-22T15:31:25.338189,342,103,47459,6156
2025-06-22T15:31:26.761092,342,120,47579,6156
2025-06-22T15:31:28.183976,345,145,47724,6210
2025-06-22T15:31:29.606966,348,145,47869,6264
2025-06-22T15:31:31.029800,344,123,47992,6192
2025-06-22T15:31:32.452804,346,128,48120,6228
2025-06-22T15:31:33.875716,342,100,48220,6156
2025-06-22T15:31:35.298643,341,110,48330,6138
2025-06-22T15:31:36.721661,344,130,48460,6192
2025-06-22T15:31:38.144498,346,108,48568,6228
2025-06-22T15:31:39.567484,345,115,48683,6210
2025-06-22T15:31:40.990302,346,113,48796,6228
2025-06-22T15:31:42.412289,342,90,48886,6156
2025-06-22T15:31:43.836113,345,148,49034,6210
2025-06-22T15:31:45.259179,343,138,49172,6174
2025-06-22T15:31:46.682078,346,100,49272,6228
2025-06-22T15:31:48.105015,344,138,49410,6192
2025-06-22T15:31:49.527904,344,120,49530,6192
2025-06-22T15:31:50.950878,346,108,49638,6228
2025-06-22T15:31:52.374757,393,1370,51008,7074
2025-06-22T15:31:53.797800,390,1410,52418,7020
2025-06-22T15:31:55.220739,396,1445,53863,7128
2025-06-22T15:31:56.641547,366,78,53941,6588
2025-06-22T15:31:58.066612,399,1458,55399,7182
2025-06-22T15:31:59.487392,342,45,55444,6156
2025-06-22T15:32:00.910362,344,40,55484,6192
2025-06-22T15:32:02.333256,339,30,55514,6102
2025-06-22T15:32:03.756270,346,30,55544,6228
2025-06-22T15:32:05.178945,342,38,55582,6156
2025-06-22T15:32:06.602074,344,20,55602,6192
2025-06-22T15:32:08.024979,341,15,55617,6138
2025-06-22T15:32:09.447958,342,28,55645,6156
2025-06-22T15:32:10.870732,343,20,55665,6174
2025-06-22T15:32:12.293788,342,30,55695,6156
2025-06-22T15:32:13.716739,342,15,55710,6156
2025-06-22T15:32:15.139640,341,23,55733,6138
2025-06-22T15:32:16.562634,339,15,55748,6102
2025-06-22T15:32:17.985452,342,13,55761,6156
2025-06-22T15:32:19.408490,342,10,55771,6156
2025-06-22T15:32:20.831327,340,15,55786,6120
2025-06-22T15:32:22.254295,342,13,55799,6156
2025-06-22T15:32:23.676137,342,5,55804,6156
2025-06-22T15:32:25.096086,343,18,55822,6174
2025-06-22T15:32:26.519065,342,10,55832,6156
2025-06-22T15:32:27.941901,338,13,55845,6084
2025-06-22T15:32:29.364903,340,18,55863,6120
2025-06-22T15:32:30.786785,342,8,55871,6156
2025-06-22T15:32:32.206671,343,13,55884,6174
2025-06-22T15:32:33.628673,338,8,55892,6084
2025-06-22T15:32:35.048503,341,20,55912,6138
2025-06-22T15:32:36.471514,342,13,55925,6156
2025-06-22T15:32:37.894350,342,15,55940,6156
2025-06-22T15:32:39.316368,340,8,55948,6120
2025-06-22T15:32:40.735240,342,3,55951,6156
2025-06-22T15:32:42.155166,340,20,55971,6120
2025-06-22T15:32:43.577038,339,8,55979,6102
2025-06-22T15:32:44.996997,345,10,55989,6210
2025-06-22T15:32:46.418805,342,8,55997,6156
2025-06-22T15:32:47.837741,340,8,56005,6120
2025-06-22T15:32:49.256632,341,8,56013,6138
2025-06-22T15:32:50.676621,340,10,56023,6120
2025-06-22T15:32:52.099458,341,13,56036,6138
2025-06-22T15:32:53.522466,341,13,56049,6138
2025-06-22T15:32:54.944304,339,8,56057,6102
2025-06-22T15:32:56.363255,338,3,56060,6084
2025-06-22T15:32:57.783211,341,10,56070,6138
2025-06-22T15:32:59.205034,340,3,56073,6120
2025-06-22T15:33:00.623887,340,8,56081,6120
2025-06-22T15:33:02.042790,342,8,56089,6156
2025-06-22T15:33:03.462780,343,15,56104,6174
2025-06-22T15:33:04.885684,339,13,56117,6102
2025-06-22T15:33:06.307634,341,8,56125,6138
2025-06-22T15:33:07.726630,339,5,56130,6102
2025-06-22T15:33:09.145358,341,8,56138,6138
2025-06-22T15:33:10.564284,339,5,56143,6102
2025-06-22T15:33:11.983195,340,8,56151,6120
2025-06-22T15:33:13.350869,342,10,56161,6156
2025-06-22T15:33:14.793451,342,3,56164,6156
2025-06-22T15:33:16.191435,342,3,56167,6156
2025-06-22T15:33:17.610537,340,8,56175,6120
2025-06-22T15:33:19.028145,338,0,56175,6084
2025-06-22T15:38:09.942476,340,0,56337,6120
2025-06-22T15:38:11.352351,336,0,56337,6048
2025-06-22T15:38:12.771081,340,0,56337,6120
2025-06-22T15:38:14.194723,339,0,56337,6102
2025-06-22T15:38:15.612859,339,0,56337,6102
2025-06-22T15:38:17.034837,398,1608,57945,7164
2025-06-22T15:38:18.457702,407,1700,59645,7326
2025-06-22T15:38:19.880540,407,1810,61455,7326
2025-06-22T15:38:21.300438,455,0,61455,8190
2025-06-22T15:38:22.719422,488,0,61455,8784
2025-06-22T15:38:24.142166,482,0,61455,8676
2025-06-22T15:38:25.561254,486,0,61455,8748
2025-06-22T15:38:26.980158,493,0,61455,8874
2025-06-22T15:38:28.399089,492,0,61455,8856
2025-06-22T15:38:29.817919,495,0,61455,8910
2025-06-22T15:38:31.236788,500,0,61455,9000
2025-06-22T15:38:32.655630,497,0,61455,8946
2025-06-22T15:38:34.074645,497,0,61455,8946
2025-06-22T15:38:35.493575,496,0,61455,8928
2025-06-22T15:38:36.912376,505,0,61455,9090
2025-06-22T15:38:38.331288,505,0,61455,9090
2025-06-22T15:38:39.750154,503,0,61455,9054
2025-06-22T15:38:41.169094,505,0,61455,9090
2025-06-22T15:38:42.587928,505,0,61455,9090
2025-06-22T15:38:44.006840,509,0,61455,9162
2025-06-22T15:38:45.425724,516,0,61455,9288
2025-06-22T15:38:46.844638,512,0,61455,9216
2025-06-22T15:38:48.263505,514,0,61455,9252
2025-06-22T15:38:49.682399,513,0,61455,9234
2025-06-22T15:38:51.105453,519,0,61455,9342
2025-06-22T15:38:52.524157,522,0,61455,9396
2025-06-22T15:38:53.943097,521,0,61455,9378
2025-06-22T15:38:55.361983,522,0,61455,9396
2025-06-22T15:38:56.780993,521,0,61455,9378
2025-06-22T15:38:58.199862,525,0,61455,9450
2025-06-22T15:38:59.618540,527,0,61455,9486
2025-06-22T15:39:01.037511,524,0,61455,9432
2025-06-22T15:39:02.456478,527,0,61455,9486
2025-06-22T15:39:03.875347,527,0,61455,9486
2025-06-22T15:39:05.294265,528,0,61455,9504
2025-06-22T15:39:06.713118,522,0,61455,9396
2025-06-22T15:39:08.132014,529,0,61455,9522
2025-06-22T15:39:09.550860,531,0,61455,9558
2025-06-22T15:39:10.969827,528,0,61455,9504
2025-06-22T15:39:12.392666,532,0,61455,9576
2025-06-22T15:39:13.811550,534,0,61455,9612
2025-06-22T15:39:15.230520,533,0,61455,9594
2025-06-22T15:39:16.649209,389,0,61455,7002
2025-06-22T15:39:18.068308,389,0,61455,7002
2025-06-22T15:39:19.487002,383,0,61455,6894
2025-06-22T15:39:20.906029,382,0,61455,6876
2025-06-22T15:39:22.324875,380,0,61455,6840
2025-06-22T15:39:23.743811,381,0,61455,6858
2025-06-22T15:39:25.162552,379,0,61455,6822
2025-06-22T15:39:26.581535,381,0,61455,6858
2025-06-22T15:39:28.000417,374,0,61455,6732
2025-06-22T15:39:29.419253,372,0,61455,6696
2025-06-22T15:39:30.838200,370,0,61455,6660
2025-06-22T15:39:32.257038,371,0,61455,6678
2025-06-22T15:39:35.298503,373,0,0,6714
2025-06-22T15:39:39.313166,369,0,0,6642
2025-06-22T15:39:40.728005,368,0,0,6624
2025-06-22T15:39:42.142831,366,0,0,6588
2025-06-22T15:39:43.557819,366,0,0,6588
2025-06-22T15:39:44.972596,366,0,0,6588
2025-06-22T15:39:46.387576,370,0,0,6660
2025-06-22T15:39:47.802255,365,0,0,6570
2025-06-22T15:39:49.217135,368,0,0,6624
2025-06-22T15:39:50.632054,365,0,0,6570
2025-06-22T15:39:52.046878,367,0,0,6606
2025-06-22T15:39:53.461843,364,0,0,6552
2025-06-22T15:39:54.876736,368,0,0,6624
2025-06-22T15:39:56.291519,363,0,0,6534
2025-06-22T15:39:57.706442,366,0,0,6588
2025-06-22T15:39:59.121248,363,0,0,6534
2025-06-22T15:40:00.536161,365,0,0,6570
2025-06-22T15:40:01.951014,366,0,0,6588
2025-06-22T15:40:03.365713,365,0,0,6570
2025-06-22T15:40:04.780697,362,0,0,6516
2025-06-22T15:40:06.195508,365,0,0,6570
2025-06-22T15:40:07.610434,364,0,0,6552
2025-06-22T15:40:09.025160,363,0,0,6534
2025-06-22T15:40:10.440167,365,0,0,6570
2025-06-22T15:40:11.854960,364,0,0,6552
2025-06-22T15:40:13.269737,363,0,0,6534
2025-06-22T15:40:14.684644,365,0,0,6570
2025-06-22T15:40:16.099590,361,0,0,6498
2025-06-22T15:40:17.514427,366,0,0,6588
2025-06-22T15:40:18.929333,363,0,0,6534
2025-06-22T15:40:20.344185,365,0,0,6570
2025-06-22T15:40:21.758984,362,0,0,6516
2025-06-22T15:40:23.173837,362,0,0,6516
2025-06-22T15:40:24.588619,360,0,0,6480
2025-06-22T15:40:26.003609,365,0,0,6570
2025-06-22T15:40:27.418357,362,0,0,6516
2025-06-22T15:40:28.833293,362,0,0,6516
2025-06-22T15:40:30.248118,363,0,0,6534
2025-06-22T15:40:31.663040,362,0,0,6516
2025-06-22T15:40:33.077775,361,0,0,6498
2025-06-22T15:40:34.492731,366,0,0,6588
2025-06-22T15:40:35.907560,360,0,0,6480
2025-06-22T15:40:37.322387,363,0,0,6534
2025-06-22T15:40:38.737234,361,0,0,6498
2025-06-22T15:40:40.152154,362,0,0,6516
2025-06-22T15:40:41.566901,360,0,0,6480
2025-06-22T15:40:42.981836,361,0,0,6498
2025-06-22T15:40:44.396641,362,0,0,6516
2025-06-22T15:40:45.811542,362,0,0,6516
2025-06-22T15:40:47.226426,361,0,0,6498
2025-06-22T15:40:48.641302,360,0,0,6480
2025-06-22T15:40:50.056124,359,0,0,6462
2025-06-22T15:40:51.471033,363,0,0,6534
2025-06-22T15:40:52.885930,360,0,0,6480
2025-06-22T15:40:54.300669,361,0,0,6498
2025-06-22T15:40:55.715788,362,0,0,6516
2025-06-22T15:40:57.130505,361,0,0,6498
2025-06-22T15:41:04.927771,358,0,0,6444
2025-06-22T15:41:06.342232,364,0,0,6552
2025-06-22T15:41:07.757076,361,0,0,6498
2025-06-22T15:41:09.171926,362,0,0,6516
2025-06-22T15:41:10.586819,360,0,0,6480
2025-06-22T15:41:12.009922,507,16950,16950,9126
2025-06-22T15:41:13.432958,514,14993,31943,9252
2025-06-22T15:41:14.855680,513,15340,47283,9234
2025-06-22T15:41:16.278750,520,14925,62208,9360
2025-06-22T15:41:17.701616,523,14988,77196,9414
2025-06-22T15:41:19.124636,527,14993,92189,9486
2025-06-22T15:41:20.548557,525,14935,107124,9450
2025-06-22T15:41:21.975520,528,14943,122067,9504
2025-06-22T15:41:23.402446,532,14810,136877,9576
2025-06-22T15:41:24.829389,534,15265,152142,9612
2025-06-22T15:41:26.256422,534,17598,169740,9612
2025-06-22T15:41:27.683302,532,16235,185975,9576
2025-06-22T15:41:29.110293,536,15320,201295,9648
2025-06-22T15:41:30.537257,537,15298,216593,9666
2025-06-22T15:41:31.964204,537,15300,231893,9666
2025-06-22T15:41:33.391152,537,15330,247223,9666
2025-06-22T15:41:34.818123,541,18475,265698,9738
2025-06-22T15:41:36.245034,535,17123,282821,9630
2025-06-22T15:41:37.672008,538,15340,298161,9684
2025-06-22T15:41:39.099055,542,15373,313534,9756
2025-06-22T15:41:40.525894,546,15373,328907,9828
2025-06-22T15:41:41.952790,540,15380,344287,9720
2025-06-22T15:41:43.379791,540,18793,363080,9720
2025-06-22T15:41:44.806788,542,17593,380673,9756
2025-06-22T15:41:46.233696,544,15390,396063,9792
2025-06-22T15:41:47.660613,541,15353,411416,9738
2025-06-22T15:41:49.087574,542,15360,426776,9756
2025-06-22T15:41:50.514563,542,15388,442164,9756
2025-06-22T15:41:51.941450,544,15420,457584,9792
2025-06-22T15:41:53.368666,541,18268,475852,9738
2025-06-22T15:41:54.795422,537,15453,491305,9666
2025-06-22T15:41:56.222350,536,15488,506793,9648
2025-06-22T15:41:57.649283,537,15455,522248,9666
2025-06-22T15:41:59.076280,532,15465,537713,9576
2025-06-22T15:42:00.503218,540,15488,553201,9720
2025-06-22T15:42:01.930125,533,18403,571604,9594
2025-06-22T15:42:03.357178,534,15445,587049,9612
2025-06-22T15:42:04.784122,537,15458,602507,9666
2025-06-22T15:42:06.211012,534,15543,618050,9612
2025-06-22T15:42:07.638048,533,15523,633573,9594
2025-06-22T15:42:09.064949,535,15518,649091,9630
2025-06-22T15:42:10.491862,533,18738,667829,9594
2025-06-22T15:42:11.918874,536,15618,683447,9648
2025-06-22T15:42:13.345749,532,15533,698980,9576
2025-06-22T15:42:14.772751,537,15528,714508,9666
2025-06-22T15:42:16.199674,531,15540,730048,9558
2025-06-22T15:42:17.626684,530,15563,745611,9540
2025-06-22T15:42:19.053708,530,18805,764416,9540
2025-06-22T15:42:20.480509,532,15565,779981,9576
2025-06-22T15:42:21.907514,536,15545,795526,9648
2025-06-22T15:42:23.334410,528,15553,811079,9504
2025-06-22T15:42:24.761342,529,15575,826654,9522
2025-06-22T15:42:26.188345,534,15563,842217,9612
2025-06-22T15:42:27.615194,534,19133,861350,9612
2025-06-22T15:42:29.042173,529,15550,876900,9522
2025-06-22T15:42:30.469203,528,15605,892505,9504
2025-06-22T15:42:31.896128,528,15615,908120,9504
2025-06-22T15:42:33.323088,531,15618,923738,9558
2025-06-22T15:42:34.749964,530,15628,939366,9540
2025-06-22T15:42:36.177009,530,15613,954979,9540
2025-06-22T15:42:37.603966,530,15590,970569,9540
2025-06-22T15:42:39.030919,531,15668,986237,9558
2025-06-22T15:42:40.458945,531,15648,1001885,9558
2025-06-22T15:42:41.885854,530,15610,1017495,9540
2025-06-22T15:42:43.312819,529,15650,1033145,9522
2025-06-22T15:42:44.739826,526,15668,1048813,9468
2025-06-22T15:42:46.166747,525,15743,1064556,9450
2025-06-22T15:42:47.593663,528,15615,1080171,9504
2025-06-22T15:42:49.020626,531,15625,1095796,9558
2025-06-22T15:42:50.447615,527,15708,1111504,9486
2025-06-22T15:42:51.874548,530,15675,1127179,9540
2025-06-22T15:42:53.301456,533,15710,1142889,9594
2025-06-22T15:42:54.728443,526,15845,1158734,9468
2025-06-22T15:42:56.155341,526,15710,1174444,9468
2025-06-22T15:42:57.582328,526,15803,1190247,9468
2025-06-22T15:42:59.009351,525,15665,1205912,9450
2025-06-22T15:43:00.436358,527,15740,1221652,9486
2025-06-22T15:43:01.863236,525,15715,1237367,9450
2025-06-22T15:43:03.290073,529,15968,1253335,9522
2025-06-22T15:43:04.717071,526,15720,1269055,9468
2025-06-22T15:43:06.144029,525,15873,1284928,9450
2025-06-22T15:43:07.570785,527,15768,1300696,9486
2025-06-22T15:43:08.997805,523,15713,1316409,9414
2025-06-22T15:43:10.424909,524,15720,1332129,9432
2025-06-22T15:52:45.487965,519,15975,7943964,9342
2025-06-22T15:52:46.915566,516,15960,7959924,9288
2025-06-22T15:52:48.455993,523,16013,7975937,9414
2025-06-22T15:52:49.771869,516,16013,7991950,9288
2025-06-22T15:52:51.201111,522,15980,8007930,9396
2025-06-22T15:52:52.630299,517,16028,8023958,9306
2025-06-22T15:52:54.059147,520,17168,8041126,9360
2025-06-22T15:52:55.488562,522,16018,8057144,9396
2025-06-22T15:52:56.916543,519,15943,8073087,9342
2025-06-22T15:52:58.345027,516,15970,8089057,9288
2025-06-22T15:52:59.773208,519,19173,8108230,9342
2025-06-22T15:53:01.201677,518,17010,8125240,9324
2025-06-22T15:53:02.629705,521,16005,8141245,9378
2025-06-22T15:53:04.057912,517,16018,8157263,9306
2025-06-22T15:53:05.485527,519,15983,8173246,9342
2025-06-22T15:53:06.913577,518,16020,8189266,9324
2025-06-22T15:53:08.341153,521,15948,8205214,9378
2025-06-22T15:53:09.768830,521,16048,8221262,9378
2025-06-22T15:53:11.196443,519,15958,8237220,9342
2025-06-22T15:53:12.624009,519,16005,8253225,9342
2025-06-22T15:53:14.051515,515,16023,8269248,9270
2025-06-22T15:53:15.478857,519,16030,8285278,9342
2025-06-22T15:53:16.906344,521,16038,8301316,9378
2025-06-22T15:53:18.334139,520,15945,8317261,9360
2025-06-22T15:53:19.761067,518,16108,8333369,9324
2025-06-22T15:53:21.188357,520,16020,8349389,9360
2025-06-22T15:53:22.615538,519,18278,8367667,9342
2025-06-22T15:53:24.042864,519,18563,8386230,9342
2025-06-22T15:53:25.470095,524,16138,8402368,9432
2025-06-22T15:53:26.897280,520,16505,8418873,9360
2025-06-22T15:53:28.324493,521,16033,8434906,9378
2025-06-22T15:53:29.751612,521,15953,8450859,9378
2025-06-22T15:53:31.178716,516,15993,8466852,9288
2025-06-22T15:53:32.605806,519,16045,8482897,9342
2025-06-22T15:53:34.032997,520,16003,8498900,9360
2025-06-22T15:53:35.462257,523,15983,8514883,9414
2025-06-22T15:53:36.887108,525,16035,8530918,9450
2025-06-22T15:53:38.314073,509,16055,8546973,9162
2025-06-22T15:53:39.741267,519,16043,8563016,9342
2025-06-22T15:53:41.168280,520,16068,8579084,9360
2025-06-22T15:53:42.595260,519,15958,8595042,9342
2025-06-22T15:53:44.022396,516,15963,8611005,9288
2025-06-22T15:53:45.449445,519,17518,8628523,9342
2025-06-22T15:53:46.876390,519,17693,8646216,9342
2025-06-22T15:53:48.303486,519,16008,8662224,9342
2025-06-22T15:53:49.730453,519,16020,8678244,9342
2025-06-22T15:53:51.157407,520,16023,8694267,9360
2025-06-22T15:53:52.584637,518,16008,8710275,9324
2025-06-22T15:53:54.011609,519,16020,8726295,9342
2025-06-22T15:53:55.438497,522,16075,8742370,9396
2025-06-22T15:53:56.865626,521,16003,8758373,9378
2025-06-22T15:53:58.288288,421,0,8758373,7578
2025-06-22T15:53:59.711365,424,0,8758373,7632
2025-06-22T15:54:01.134124,421,0,8758373,7578
2025-06-22T15:54:02.557245,422,0,8758373,7596
2025-06-22T15:54:03.980144,422,0,8758373,7596
2025-06-22T15:54:05.403130,421,0,8758373,7578
2025-06-22T15:54:06.825915,420,0,8758373,7560
2025-06-22T15:54:08.249048,421,0,8758373,7578
2025-06-22T15:54:09.671884,424,0,8758373,7632
2025-06-22T15:54:11.094974,421,0,8758373,7578
2025-06-22T15:54:12.517907,422,0,8758373,7596
2025-06-22T15:54:13.940659,424,0,8758373,7632
2025-06-22T15:54:15.363666,423,0,8758373,7614
2025-06-22T15:54:16.786644,426,0,8758373,7668
2025-06-22T15:54:18.209885,421,0,8758373,7578
2025-06-22T15:54:19.632487,422,0,8758373,7596
2025-06-22T15:54:21.055488,423,0,8758373,7614
2025-06-22T15:54:22.478375,426,0,8758373,7668
2025-06-22T15:54:23.901353,418,0,8758373,7524
2025-06-22T15:54:25.324135,422,0,8758373,7596
2025-06-22T15:54:26.747133,420,0,8758373,7560
2025-06-22T15:54:28.170190,426,0,8758373,7668
2025-06-22T15:54:29.593041,422,0,8758373,7596
2025-06-22T15:54:31.015870,425,0,8758373,7650
2025-06-22T15:54:32.438842,420,0,8758373,7560
2025-06-22T15:54:33.861893,419,0,8758373,7542
2025-06-22T15:54:35.284754,422,0,8758373,7596
2025-06-22T15:54:36.707712,419,0,8758373,7542
2025-06-22T15:54:38.130570,420,0,8758373,7560
2025-06-22T15:54:39.553640,421,0,8758373,7578
2025-06-22T15:54:40.976469,420,0,8758373,7560
2025-06-22T15:54:42.399416,421,0,8758373,7578
2025-06-22T15:54:43.822433,422,0,8758373,7596
2025-06-22T15:54:45.245273,423,0,8758373,7614
2025-06-22T15:54:46.668252,419,0,8758373,7542
2025-06-22T15:54:48.090957,424,0,8758373,7632
2025-06-22T15:54:49.514049,420,0,8758373,7560
2025-06-22T15:54:50.936898,421,0,8758373,7578
2025-06-22T15:54:52.359848,420,0,8758373,7560
2025-06-22T15:54:53.782856,421,0,8758373,7578
2025-06-22T15:54:55.205743,420,0,8758373,7560
2025-06-22T15:54:56.629010,423,0,8758373,7614
2025-06-22T15:54:58.051637,419,0,8758373,7542
2025-06-22T15:54:59.474524,422,0,8758373,7596
2025-06-22T15:55:00.897511,417,0,8758373,7506
2025-06-22T15:55:02.320343,421,0,8758373,7578
2025-06-22T15:55:03.743288,421,0,8758373,7578
2025-06-22T15:55:05.168271,423,0,8758373,7614
2025-06-22T15:55:06.589156,422,0,8758373,7596
2025-06-22T15:55:08.012210,422,0,8758373,7596
2025-06-22T15:55:09.435031,420,0,8758373,7560
2025-06-22T15:55:10.857990,422,0,8758373,7596
2025-06-22T15:55:12.280977,420,0,8758373,7560
2025-06-22T15:55:13.703812,422,0,8758373,7596
2025-06-22T15:55:15.126559,418,0,8758373,7524
2025-06-22T15:55:16.549586,422,0,8758373,7596
2025-06-22T15:55:17.972475,419,0,8758373,7542
2025-06-22T15:55:19.395484,423,0,8758373,7614
2025-06-22T15:55:20.818339,422,0,8758373,7596
2025-06-22T15:55:22.241308,421,0,8758373,7578
2025-06-22T15:55:23.664351,422,0,8758373,7596
2025-06-22T15:55:25.087217,422,0,8758373,7596
2025-06-22T15:55:26.510423,422,0,8758373,7596
2025-06-22T15:55:27.933082,422,0,8758373,7596
2025-06-22T15:55:29.355975,420,0,8758373,7560
2025-06-22T15:55:30.778865,422,0,8758373,7596
2025-06-22T15:55:32.201842,421,0,8758373,7578
2025-06-22T15:55:33.624730,421,0,8758373,7578
2025-06-22T15:55:35.047672,419,0,8758373,7542
2025-06-22T15:55:36.470561,420,0,8758373,7560
2025-06-22T15:55:37.893649,419,0,8758373,7542
2025-06-22T15:55:39.316655,420,0,8758373,7560
2025-06-22T15:55:40.739401,419,0,8758373,7542
2025-06-22T15:55:42.162381,419,0,8758373,7542
2025-06-22T15:55:43.585210,420,0,8758373,7560
2025-06-22T15:55:45.008104,420,0,8758373,7560
2025-06-22T15:55:46.431072,420,0,8758373,7560
2025-06-22T15:55:47.854008,422,0,8758373,7596
2025-06-22T15:55:49.276977,418,0,8758373,7524
2025-06-22T15:55:50.699931,420,0,8758373,7560
2025-06-22T15:55:52.122809,420,0,8758373,7560
2025-06-22T15:55:53.545748,422,0,8758373,7596
2025-06-22T15:55:54.968610,419,0,8758373,7542
2025-06-22T15:55:56.391477,422,0,8758373,7596
2025-06-22T15:55:57.814378,420,0,8758373,7560
2025-06-22T15:55:59.237354,420,0,8758373,7560
2025-06-22T15:56:00.660440,420,0,8758373,7560
2025-06-22T15:56:02.083404,423,0,8758373,7614
2025-06-22T15:56:03.506261,420,0,8758373,7560
2025-06-22T15:56:04.929109,422,0,8758373,7596
2025-06-22T15:56:06.352052,420,0,8758373,7560
2025-06-22T15:56:07.775024,420,0,8758373,7560
2025-06-22T15:56:09.198017,420,0,8758373,7560
2025-06-22T15:56:10.620929,425,0,8758373,7650
2025-06-22T15:56:12.043789,419,0,8758373,7542
2025-06-22T15:56:13.466668,421,0,8758373,7578
2025-06-22T15:56:14.889661,418,0,8758373,7524
2025-06-22T15:56:16.312800,422,0,8758373,7596
2025-06-22T15:56:17.735578,420,0,8758373,7560
2025-06-22T15:56:19.158512,420,0,8758373,7560
2025-06-22T15:56:20.581384,421,0,8758373,7578
2025-06-22T15:56:22.004384,423,0,8758373,7614
2025-06-22T15:56:23.427255,421,0,8758373,7578
2025-06-22T15:56:24.850133,421,0,8758373,7578
2025-06-22T15:56:26.273014,419,0,8758373,7542
2025-06-22T15:56:27.696004,421,0,8758373,7578
2025-06-22T15:56:29.118896,420,0,8758373,7560
2025-06-22T15:56:30.541844,422,0,8758373,7596
2025-06-22T15:56:31.964841,417,0,8758373,7506
2025-06-22T15:56:33.387581,422,0,8758373,7596
2025-06-22T15:56:34.810431,420,0,8758373,7560
2025-06-22T15:56:36.233406,420,0,8758373,7560
2025-06-22T15:56:37.656555,420,0,8758373,7560
2025-06-22T15:56:39.079379,423,0,8758373,7614
2025-06-22T15:56:40.502327,420,0,8758373,7560
2025-06-22T15:56:41.925105,420,0,8758373,7560
2025-06-22T15:56:43.348128,419,0,8758373,7542
2025-06-22T15:56:44.771119,421,0,8758373,7578
2025-06-22T15:56:46.194005,419,0,8758373,7542
2025-06-22T15:56:47.616918,420,0,8758373,7560
2025-06-22T15:56:49.039865,419,0,8758373,7542
2025-06-22T15:56:50.462731,422,0,8758373,7596
2025-06-22T15:56:51.885747,420,0,8758373,7560
2025-06-22T15:56:53.310047,420,0,8758373,7560
2025-06-22T15:56:54.731454,418,0,8758373,7524
2025-06-22T15:56:56.154500,422,0,8758373,7596
2025-06-22T15:56:57.577480,420,0,8758373,7560
2025-06-22T15:56:59.000448,420,0,8758373,7560
2025-06-22T15:57:00.423432,422,0,8758373,7596
2025-06-22T15:57:01.846199,420,0,8758373,7560
2025-06-22T15:57:03.269054,419,0,8758373,7542
2025-06-22T15:57:04.692372,422,0,8758373,7596
2025-06-22T15:57:06.114978,419,0,8758373,7542
2025-06-22T15:57:07.537973,421,0,8758373,7578
2025-06-22T15:57:08.960809,419,0,8758373,7542
2025-06-22T15:57:10.383730,420,0,8758373,7560
2025-06-22T15:57:11.806690,420,0,8758373,7560
2025-06-22T15:57:13.229647,422,0,8758373,7596
2025-06-22T15:57:14.652491,420,0,8758373,7560
2025-06-22T15:57:16.075402,419,0,8758373,7542
2025-06-22T15:57:17.498437,420,0,8758373,7560
2025-06-22T15:57:18.921309,420,0,8758373,7560
2025-06-22T15:57:20.344408,419,0,8758373,7542
2025-06-22T15:57:21.767301,420,0,8758373,7560
2025-06-22T15:57:23.190090,420,0,8758373,7560
2025-06-22T15:57:24.612968,420,0,8758373,7560
2025-06-22T15:57:26.035889,417,0,8758373,7506
2025-06-22T15:57:27.458820,424,0,8758373,7632
2025-06-22T15:57:28.881768,420,0,8758373,7560
2025-06-22T15:57:30.304582,423,0,8758373,7614
2025-06-22T15:57:31.727692,420,0,8758373,7560
2025-06-22T15:57:33.150604,419,0,8758373,7542
2025-06-22T15:57:34.573527,418,0,8758373,7524
2025-06-22T15:57:35.996341,421,0,8758373,7578
2025-06-22T15:57:37.419300,420,0,8758373,7560
2025-06-22T15:57:38.842175,421,0,8758373,7578
2025-06-22T15:57:40.265116,421,0,8758373,7578
2025-06-22T15:57:41.688190,420,0,8758373,7560
2025-06-22T15:57:43.110945,417,0,8758373,7506
2025-06-22T15:57:44.533983,420,0,8758373,7560
2025-06-22T15:57:45.956879,420,0,8758373,7560
2025-06-22T15:57:47.379868,422,0,8758373,7596
2025-06-22T15:57:48.802683,415,0,8758373,7470
2025-06-22T15:57:50.225564,420,0,8758373,7560
2025-06-22T15:57:51.648544,420,0,8758373,7560
2025-06-22T15:57:53.071396,419,0,8758373,7542
2025-06-22T15:57:54.494446,418,0,8758373,7524
2025-06-22T15:57:55.917311,420,0,8758373,7560
2025-06-22T15:57:57.340254,417,0,8758373,7506
2025-06-22T15:57:58.763115,420,0,8758373,7560
2025-06-22T15:58:00.186198,419,0,8758373,7542
2025-06-22T15:58:01.608943,420,0,8758373,7560
2025-06-22T15:58:03.031988,418,0,8758373,7524
2025-06-22T15:58:04.454792,418,0,8758373,7524
2025-06-22T15:58:05.877766,417,0,8758373,7506
2025-06-22T15:58:07.300777,417,0,8758373,7506
2025-06-22T15:58:08.723611,420,0,8758373,7560
2025-06-22T15:58:10.146588,423,0,8758373,7614
2025-06-22T15:58:11.569452,418,0,8758373,7524
2025-06-22T15:58:12.992419,420,0,8758373,7560
2025-06-22T15:58:14.415440,419,0,8758373,7542
2025-06-22T15:58:15.838419,420,0,8758373,7560
2025-06-22T15:58:17.261150,419,0,8758373,7542
2025-06-22T15:58:18.684127,420,0,8758373,7560
2025-06-22T15:58:20.106992,417,0,8758373,7506
2025-06-22T15:58:21.529949,420,0,8758373,7560
2025-06-22T15:58:22.952813,419,0,8758373,7542
2025-06-22T15:58:24.375797,420,0,8758373,7560
2025-06-22T15:58:25.798667,421,0,8758373,7578
2025-06-22T15:58:27.221665,424,0,8758373,7632
2025-06-22T15:58:28.644619,420,0,8758373,7560
2025-06-22T15:58:30.067509,425,0,8758373,7650
2025-06-22T15:58:31.490420,421,0,8758373,7578
2025-06-22T15:58:32.913313,420,0,8758373,7560
2025-06-22T15:58:34.336325,417,0,8758373,7506
2025-06-22T15:58:35.759220,421,0,8758373,7578
2025-06-22T15:58:37.182170,420,0,8758373,7560
2025-06-22T15:58:38.605011,421,0,8758373,7578
2025-06-22T15:58:40.028041,420,0,8758373,7560
2025-06-22T15:58:41.450871,421,0,8758373,7578
2025-06-22T15:58:42.873953,420,0,8758373,7560
2025-06-22T15:58:44.296900,423,0,8758373,7614
2025-06-22T15:58:45.719802,420,0,8758373,7560
2025-06-22T15:58:47.142682,419,0,8758373,7542
2025-06-22T15:58:48.565640,421,0,8758373,7578
2025-06-22T15:58:49.988567,422,0,8758373,7596
2025-06-22T15:58:51.411331,419,0,8758373,7542
2025-06-22T15:58:52.834370,420,0,8758373,7560
2025-06-22T15:58:54.257308,416,0,8758373,7488
2025-06-22T15:58:55.680259,419,0,8758373,7542
2025-06-22T15:58:57.103121,419,0,8758373,7542
2025-06-22T15:58:58.526065,420,0,8758373,7560
2025-06-22T15:58:59.948946,420,0,8758373,7560
2025-06-22T15:59:01.371977,421,0,8758373,7578
2025-06-22T15:59:02.794730,420,0,8758373,7560
2025-06-22T15:59:04.217800,423,0,8758373,7614
2025-06-22T15:59:05.640698,421,0,8758373,7578
2025-06-22T15:59:07.063645,420,0,8758373,7560
2025-06-22T15:59:08.486666,420,0,8758373,7560
2025-06-22T15:59:09.909421,419,0,8758373,7542
2025-06-22T15:59:11.332449,420,0,8758373,7560
2025-06-22T15:59:12.755427,420,0,8758373,7560
2025-06-22T15:59:14.178328,420,0,8758373,7560
2025-06-22T15:59:15.601181,421,0,8758373,7578
2025-06-22T15:59:17.024163,420,0,8758373,7560
2025-06-22T15:59:18.447030,421,0,8758373,7578
2025-06-22T15:59:19.869991,419,0,8758373,7542
2025-06-22T15:59:21.292901,421,0,8758373,7578
2025-06-22T15:59:22.715939,420,0,8758373,7560
2025-06-22T15:59:24.138769,420,0,8758373,7560
2025-06-22T15:59:25.561607,422,0,8758373,7596
2025-06-22T15:59:26.984686,422,0,8758373,7596
2025-06-22T15:59:28.407542,418,0,8758373,7524
2025-06-22T15:59:29.830507,421,0,8758373,7578
2025-06-22T15:59:31.253396,420,0,8758373,7560
2025-06-22T15:59:32.676387,421,0,8758373,7578
2025-06-22T15:59:34.099262,420,0,8758373,7560
2025-06-22T15:59:35.522174,419,0,8758373,7542
2025-06-22T15:59:36.945013,420,0,8758373,7560
2025-06-22T15:59:38.367894,420,0,8758373,7560
2025-06-22T15:59:39.790938,420,0,8758373,7560
2025-06-22T15:59:41.213756,420,0,8758373,7560
2025-06-22T15:59:42.637354,417,0,8758373,7506
2025-06-22T15:59:44.059822,421,0,8758373,7578
2025-06-22T15:59:45.482674,420,0,8758373,7560
2025-06-22T15:59:46.905551,420,0,8758373,7560
2025-06-22T15:59:48.328508,420,0,8758373,7560
2025-06-22T15:59:49.751492,420,0,8758373,7560
2025-06-22T15:59:51.174268,419,0,8758373,7542
2025-06-22T15:59:52.597163,423,0,8758373,7614
2025-06-22T15:59:54.020358,419,0,8758373,7542
2025-06-22T15:59:55.443085,423,0,8758373,7614
2025-06-22T15:59:56.866025,418,0,8758373,7524
2025-06-22T15:59:58.288992,423,0,8758373,7614
2025-06-22T15:59:59.711848,420,0,8758373,7560
2025-06-22T16:00:01.134802,420,0,8758373,7560
2025-06-22T16:00:02.557792,420,0,8758373,7560
2025-06-22T16:00:03.980769,422,0,8758373,7596
2025-06-22T16:00:05.403648,420,0,8758373,7560
2025-06-22T16:00:06.826649,419,0,8758373,7542
2025-06-22T16:00:08.249621,420,0,8758373,7560
2025-06-22T16:00:09.672467,420,0,8758373,7560
2025-06-22T16:00:11.095133,420,0,8758373,7560
2025-06-22T16:00:12.518238,424,0,8758373,7632
2025-06-22T16:00:13.940980,420,0,8758373,7560
2025-06-22T16:00:15.363985,424,0,8758373,7632
2025-06-22T16:00:16.786891,419,0,8758373,7542
2025-06-22T16:00:18.209909,422,0,8758373,7596
2025-06-22T16:00:19.632785,417,0,8758373,7506
2025-06-22T16:00:21.055728,421,0,8758373,7578
2025-06-22T16:00:22.478693,416,0,8758373,7488
2025-06-22T16:00:23.901682,421,0,8758373,7578
2025-06-22T16:00:25.324537,420,0,8758373,7560
2025-06-22T16:00:26.747484,420,0,8758373,7560
2025-06-22T16:00:28.170513,419,0,8758373,7542
2025-06-22T16:00:29.593323,418,0,8758373,7524
2025-06-22T16:00:31.020460,512,14918,8773291,9216
2025-06-22T16:00:32.447525,514,14998,8788289,9252
2025-06-22T16:00:33.874410,517,16615,8804904,9306
2025-06-22T16:00:35.301258,516,15080,8819984,9288
2025-06-22T16:00:36.728288,514,15078,8835062,9252
2025-06-22T16:00:38.155204,516,15058,8850120,9288
2025-06-22T16:00:39.582154,512,18050,8868170,9216
2025-06-22T16:00:41.009304,514,15185,8883355,9252
2025-06-22T16:00:42.436081,516,15215,8898570,9288
2025-06-22T16:00:43.863109,518,15178,8913748,9324
2025-06-22T16:00:45.290107,515,18105,8931853,9270
2025-06-22T16:00:46.717228,514,15190,8947043,9252
2025-06-22T16:00:48.143988,517,15133,8962176,9306
2025-06-22T16:00:49.570880,518,18758,8980934,9324
2025-06-22T16:00:50.997934,514,15350,8996284,9252
2025-06-22T16:00:52.420511,422,0,8996284,7596
2025-06-22T16:00:53.843478,419,0,8996284,7542
2025-06-22T16:00:55.266522,422,0,8996284,7596
2025-06-22T16:00:56.689396,419,0,8996284,7542
2025-06-22T16:00:58.112333,420,0,8996284,7560
2025-06-22T16:00:59.535239,419,0,8996284,7542
2025-06-22T16:01:00.958202,421,0,8996284,7578
2025-06-22T16:01:02.381032,417,0,8996284,7506
2025-06-22T16:01:03.804093,419,0,8996284,7542
2025-06-22T16:01:05.226929,417,0,8996284,7506
2025-06-22T16:01:06.649918,420,0,8996284,7560
2025-06-22T16:01:08.072782,419,0,8996284,7542
2025-06-22T16:01:09.495644,420,0,8996284,7560
2025-06-22T16:01:10.918490,418,0,8996284,7524
2025-06-22T16:01:12.341771,423,0,8996284,7614
2025-06-22T16:01:13.764535,418,0,8996284,7524
2025-06-22T16:01:15.187416,417,0,8996284,7506
2025-06-22T16:01:16.610245,417,0,8996284,7506
2025-06-22T16:01:18.033257,418,0,8996284,7524
2025-06-22T16:01:19.456142,416,0,8996284,7488
2025-06-22T16:01:20.879090,420,0,8996284,7560
2025-06-22T16:01:22.302002,420,0,8996284,7560
2025-06-22T16:01:23.724786,420,0,8996284,7560
2025-06-22T16:01:25.147807,416,0,8996284,7488
2025-06-22T16:01:26.570890,420,0,8996284,7560
2025-06-22T16:01:27.993682,420,0,8996284,7560
2025-06-22T16:01:29.416536,419,0,8996284,7542
2025-06-22T16:01:30.839462,420,0,8996284,7560
2025-06-22T16:01:32.262576,420,0,8996284,7560
2025-06-22T16:01:33.685314,416,0,8996284,7488
2025-06-22T16:01:35.108603,420,0,8996284,7560
2025-06-22T16:01:36.531356,415,0,8996284,7470
2025-06-22T16:01:37.954276,419,0,8996284,7542
2025-06-22T16:01:39.377161,420,0,8996284,7560
2025-06-22T16:01:40.800158,417,0,8996284,7506
2025-06-22T16:01:42.222842,417,0,8996284,7506
2025-06-22T16:01:43.646046,421,0,8996284,7578
2025-06-22T16:01:45.068822,417,0,8996284,7506
2025-06-22T16:01:46.491805,418,0,8996284,7524
2025-06-22T16:01:47.914776,418,0,8996284,7524
2025-06-22T16:01:49.337662,420,0,8996284,7560
2025-06-22T16:01:50.760520,417,0,8996284,7506
2025-06-22T16:01:52.183477,420,0,8996284,7560
2025-06-22T16:01:53.606440,419,0,8996284,7542
2025-06-22T16:01:55.029312,419,0,8996284,7542
2025-06-22T16:01:56.452350,418,0,8996284,7524
2025-06-22T16:01:57.875143,419,0,8996284,7542
2025-06-22T16:01:59.298112,420,0,8996284,7560
2025-06-22T16:02:00.721037,417,0,8996284,7506
2025-06-22T16:02:02.143989,419,0,8996284,7542
2025-06-22T16:02:03.566890,421,0,8996284,7578
2025-06-22T16:02:04.989768,420,0,8996284,7560
2025-06-22T16:02:06.412704,416,0,8996284,7488
2025-06-22T16:02:07.835647,417,0,8996284,7506
2025-06-22T16:02:09.258664,418,0,8996284,7524
2025-06-22T16:02:10.681526,419,0,8996284,7542
2025-06-22T16:02:12.104594,420,0,8996284,7560
2025-06-22T16:02:13.527353,419,0,8996284,7542
2025-06-22T16:02:14.950339,418,0,8996284,7524
2025-06-22T16:02:16.373183,414,0,8996284,7452
2025-06-22T16:02:17.796155,417,0,8996284,7506
2025-06-22T16:02:19.218989,417,0,8996284,7506
2025-06-22T16:02:20.642027,418,0,8996284,7524
2025-06-22T16:02:22.064881,418,0,8996284,7524
2025-06-22T16:02:23.487750,419,0,8996284,7542
2025-06-22T16:02:24.910819,419,0,8996284,7542
2025-06-22T16:02:26.333616,419,0,8996284,7542
2025-06-22T16:02:27.756722,418,0,8996284,7524
2025-06-22T16:02:29.179509,417,0,8996284,7506
2025-06-22T16:02:30.602547,418,0,8996284,7524
2025-06-22T16:02:32.025419,420,0,8996284,7560
2025-06-22T16:02:33.448357,418,0,8996284,7524
2025-06-22T16:02:34.871188,418,0,8996284,7524
2025-06-22T16:02:36.294075,417,0,8996284,7506
2025-06-22T16:02:37.716986,417,0,8996284,7506
2025-06-22T16:02:39.140067,418,0,8996284,7524
2025-06-22T16:02:40.562898,419,0,8996284,7542
2025-06-22T16:02:41.985909,418,0,8996284,7524
2025-06-22T16:02:43.408968,420,0,8996284,7560
2025-06-22T16:02:44.831724,418,0,8996284,7524
2025-06-22T16:02:46.254764,419,0,8996284,7542
2025-06-22T16:02:47.677602,418,0,8996284,7524
2025-06-22T16:02:49.100498,417,0,8996284,7506
2025-06-22T16:02:50.523379,417,0,8996284,7506
2025-06-22T16:02:51.946334,420,0,8996284,7560
2025-06-22T16:02:53.369313,416,0,8996284,7488
2025-06-22T16:02:54.792407,420,0,8996284,7560
2025-06-22T16:02:56.215047,419,0,8996284,7542
2025-06-22T16:02:57.638068,419,0,8996284,7542
2025-06-22T16:02:59.060959,418,0,8996284,7524
2025-06-22T16:03:00.483817,419,0,8996284,7542
2025-06-22T16:03:01.906899,418,0,8996284,7524
2025-06-22T16:03:03.329769,421,0,8996284,7578
2025-06-22T16:03:04.752759,420,0,8996284,7560
2025-06-22T16:03:06.175701,419,0,8996284,7542
2025-06-22T16:03:07.598599,417,0,8996284,7506
2025-06-22T16:03:09.021521,420,0,8996284,7560
2025-06-22T16:03:10.444424,420,0,8996284,7560
2025-06-22T16:03:11.867677,418,0,8996284,7524
2025-06-22T16:03:13.291929,416,0,8996284,7488
2025-06-22T16:03:14.713232,419,0,8996284,7542
2025-06-22T16:03:16.136188,419,0,8996284,7542
2025-06-22T16:03:17.559096,420,0,8996284,7560
2025-06-22T16:03:18.981994,421,0,8996284,7578
2025-06-22T16:03:20.404739,420,0,8996284,7560
2025-06-22T16:03:21.827873,419,0,8996284,7542
2025-06-22T16:03:23.250815,420,0,8996284,7560
2025-06-22T16:03:24.673673,415,0,8996284,7470
2025-06-22T16:03:26.096744,421,0,8996284,7578
2025-06-22T16:03:27.519550,415,0,8996284,7470
2025-06-22T16:03:28.942376,418,0,8996284,7524
2025-06-22T16:03:30.365300,419,0,8996284,7542
2025-06-22T16:03:31.788264,420,0,8996284,7560
2025-06-22T16:03:33.211215,419,0,8996284,7542
2025-06-22T16:03:34.634250,420,0,8996284,7560
2025-06-22T16:03:36.057121,421,0,8996284,7578
2025-06-22T16:03:37.479940,417,0,8996284,7506
2025-06-22T16:03:38.902983,420,0,8996284,7560
2025-06-22T16:03:40.325958,419,0,8996284,7542
2025-06-22T16:03:41.748875,417,0,8996284,7506
2025-06-22T16:03:43.171685,421,0,8996284,7578
2025-06-22T16:03:44.595217,418,0,8996284,7524
2025-06-22T16:03:46.017418,422,0,8996284,7596
2025-06-22T16:03:47.440506,420,0,8996284,7560
2025-06-22T16:03:48.863385,420,0,8996284,7560
2025-06-22T16:03:50.286348,419,0,8996284,7542
2025-06-22T16:03:51.709246,419,0,8996284,7542
2025-06-22T16:03:53.132226,436,0,8996284,7848
2025-06-22T16:03:54.555139,420,0,8996284,7560
2025-06-22T16:03:55.978051,417,0,8996284,7506
2025-06-22T16:03:57.400978,416,0,8996284,7488
2025-06-22T16:03:58.823898,416,0,8996284,7488
2025-06-22T16:04:00.246801,511,0,8996284,9198
2025-06-22T16:04:01.669818,482,0,8996284,8676
2025-06-22T16:04:03.092705,422,0,8996284,7596
2025-06-22T16:04:04.515642,456,0,8996284,8208
2025-06-22T16:04:05.938585,435,0,8996284,7830
2025-06-22T16:04:07.361432,417,0,8996284,7506
2025-06-22T16:04:08.784957,418,0,8996284,7524
2025-06-22T16:04:10.207240,417,0,8996284,7506
2025-06-22T16:04:11.630341,488,0,8996284,8784
2025-06-22T16:04:13.053112,482,0,8996284,8676
2025-06-22T16:04:14.476163,491,0,8996284,8838
2025-06-22T16:04:15.898983,416,0,8996284,7488
2025-06-22T16:04:17.322005,419,0,8996284,7542
2025-06-22T16:04:18.744734,416,0,8996284,7488
2025-06-22T16:04:20.167780,420,0,8996284,7560
2025-06-22T16:04:21.590760,415,0,8996284,7470
2025-06-22T16:04:23.013695,418,0,8996284,7524
2025-06-22T16:04:24.436734,415,0,8996284,7470
2025-06-22T16:04:25.859514,418,0,8996284,7524
2025-06-22T16:04:27.282431,420,0,8996284,7560
2025-06-22T16:04:28.705327,418,0,8996284,7524
2025-06-22T16:04:30.128276,417,0,8996284,7506
2025-06-22T16:04:31.551198,417,0,8996284,7506
2025-06-22T16:04:32.973985,416,0,8996284,7488
2025-06-22T16:04:34.397027,420,0,8996284,7560
2025-06-22T16:04:35.820011,416,0,8996284,7488
2025-06-22T16:04:37.243044,418,0,8996284,7524
2025-06-22T16:04:38.665750,419,0,8996284,7542
2025-06-22T16:04:40.088677,418,0,8996284,7524
2025-06-22T16:04:41.511740,417,0,8996284,7506
2025-06-22T16:04:42.934730,417,0,8996284,7506
2025-06-22T16:04:44.357623,417,0,8996284,7506
2025-06-22T16:04:45.780426,420,0,8996284,7560
2025-06-22T16:04:47.203375,417,0,8996284,7506
2025-06-22T16:04:48.626287,420,0,8996284,7560
2025-06-22T16:04:50.053428,511,14930,9011214,9198
2025-06-22T16:04:51.480365,516,15088,9026302,9288
2025-06-22T16:04:52.907303,517,18180,9044482,9306
2025-06-22T16:04:54.334176,518,15108,9059590,9324
2025-06-22T16:04:55.761168,513,15100,9074690,9234
2025-06-22T16:04:57.188373,517,17478,9092168,9306
2025-06-22T16:04:58.615205,517,15138,9107306,9306
2025-06-22T16:05:00.042061,516,15275,9122581,9288
2025-06-22T16:05:01.469055,518,18248,9140829,9324
2025-06-22T16:05:02.896154,514,15258,9156087,9252
2025-06-22T16:05:04.323041,515,15318,9171405,9270
2025-06-22T16:05:05.749843,518,16113,9187518,9324
2025-06-22T16:05:07.176996,518,15168,9202686,9324
2025-06-22T16:05:08.603865,520,15218,9217904,9360
2025-06-22T16:05:10.030758,511,16363,9234267,9198
2025-06-22T16:05:11.458251,514,15208,9249475,9252
2025-06-22T16:05:12.884813,513,15130,9264605,9234
2025-06-22T16:05:14.311567,512,15263,9279868,9216
2025-06-22T16:05:15.738797,519,15500,9295368,9342
2025-06-22T16:05:17.165557,520,15325,9310693,9360
2025-06-22T16:05:18.592429,515,15330,9326023,9270
2025-06-22T16:05:20.019664,516,15340,9341363,9288
2025-06-22T16:05:21.446706,518,15340,9356703,9324
2025-06-22T16:05:22.873388,515,15338,9372041,9270
2025-06-22T16:05:24.303783,519,15270,9387311,9342
2025-06-22T16:05:25.727305,517,15380,9402691,9306
2025-06-22T16:05:27.154204,521,15435,9418126,9378
2025-06-22T16:05:28.577035,421,0,9418126,7578
2025-06-22T16:05:29.999821,419,0,9418126,7542
2025-06-22T16:05:31.422789,422,0,9418126,7596
2025-06-22T16:05:32.845632,418,0,9418126,7524
2025-06-22T16:05:34.268592,419,0,9418126,7542
2025-06-22T16:05:35.691393,420,0,9418126,7560
2025-06-22T16:05:37.116452,420,445,9418571,7560
2025-06-22T16:05:38.617995,519,15255,9433826,9342
2025-06-22T16:05:39.968493,515,18750,9452576,9270
2025-06-22T16:05:41.395413,521,16898,9469474,9378
2025-06-22T16:05:42.822219,516,15360,9484834,9288
2025-06-22T16:05:44.249281,516,15420,9500254,9288
2025-06-22T16:05:45.676165,518,15308,9515562,9324
2025-06-22T16:05:47.103223,517,15325,9530887,9306
2025-06-22T16:05:48.530082,516,15343,9546230,9288
2025-06-22T16:05:49.957052,516,15498,9561728,9288
2025-06-22T16:05:51.384066,520,15425,9577153,9360
2025-06-22T16:05:52.810900,519,15478,9592631,9342
2025-06-22T16:05:54.237899,515,17133,9609764,9270
2025-06-22T16:05:55.664859,518,15368,9625132,9324
2025-06-22T16:05:57.091871,515,15645,9640777,9270
2025-06-22T16:05:58.518762,518,15438,9656215,9324
2025-06-22T16:05:59.945827,515,17868,9674083,9270
2025-06-22T16:06:01.372705,516,15555,9689638,9288
2025-06-22T16:06:02.799585,517,15478,9705116,9306
2025-06-22T16:06:04.226647,515,15623,9720739,9270
2025-06-22T16:06:05.653520,519,17988,9738727,9342
2025-06-22T16:06:07.080466,515,15498,9754225,9270
2025-06-22T16:06:08.507396,516,15458,9769683,9288
2025-06-22T16:06:09.934336,518,15515,9785198,9324
2025-06-22T16:06:11.361324,515,18610,9803808,9270
2025-06-22T16:06:12.788262,520,18685,9822493,9360
2025-06-22T16:06:14.217288,516,16625,9839118,9288
2025-06-22T16:06:15.642208,517,17223,9856341,9306
2025-06-22T16:06:17.069009,520,15618,9871959,9360
2025-06-22T16:06:18.496134,517,15568,9887527,9306
2025-06-22T16:06:19.922936,513,15675,9903202,9234
2025-06-22T16:06:21.349892,521,15595,9918797,9378
2025-06-22T16:06:22.776951,512,15655,9934452,9216
2025-06-22T16:06:24.203837,519,15533,9949985,9342
2025-06-22T16:06:25.630733,519,18635,9968620,9342
2025-06-22T16:06:27.057873,517,16778,9985398,9306
2025-06-22T16:06:28.485757,517,15650,10001048,9306
2025-06-22T16:06:29.912702,516,15708,10016756,9288
2025-06-22T16:06:31.339619,519,15725,10032481,9342
2025-06-22T16:06:32.766579,514,15560,10048041,9252
2025-06-22T16:06:34.193415,518,15590,10063631,9324
2025-06-22T16:06:35.620426,518,15675,10079306,9324
2025-06-22T16:06:37.047343,513,15598,10094904,9234
2025-06-22T16:06:38.474449,518,15708,10110612,9324
2025-06-22T16:06:39.901257,520,17740,10128352,9360
2025-06-22T16:06:41.328242,514,15573,10143925,9252
2025-06-22T16:06:42.755240,519,15793,10159718,9342
2025-06-22T16:06:44.182152,518,15685,10175403,9324
2025-06-22T16:06:45.608954,519,15700,10191103,9342
2025-06-22T16:06:47.036168,520,18315,10209418,9360
2025-06-22T16:06:48.463030,521,15748,10225166,9378
2025-06-22T16:06:49.889963,521,15668,10240834,9378
2025-06-22T16:06:51.316903,520,15610,10256444,9360
2025-06-22T16:06:52.743873,519,15675,10272119,9342
2025-06-22T16:06:54.170853,515,16330,10288449,9270
2025-06-22T16:06:55.598431,523,15658,10304107,9414
2025-06-22T16:06:57.024659,514,15883,10319990,9252
2025-06-22T16:06:58.451591,519,15795,10335785,9342
2025-06-22T16:06:59.878726,521,18913,10354698,9378
2025-06-22T16:07:01.305605,517,17173,10371871,9306
2025-06-22T16:07:02.732411,521,15670,10387541,9378
2025-06-22T16:07:04.159498,519,15798,10403339,9342
2025-06-22T16:07:05.586335,518,15673,10419012,9324
2025-06-22T16:07:07.013425,519,15938,10434950,9342
2025-06-22T16:07:08.440299,521,16195,10451145,9378
2025-06-22T16:07:09.867147,514,15873,10467018,9252
2025-06-22T16:07:11.294259,520,15650,10482668,9360
2025-06-22T16:07:12.721265,524,15880,10498548,9432
2025-06-22T16:07:14.148177,516,15828,10514376,9288
2025-06-22T16:07:15.575068,521,18918,10533294,9378
2025-06-22T16:07:17.002039,520,15878,10549172,9360
2025-06-22T16:07:18.429076,519,15688,10564860,9342
2025-06-22T16:07:19.855964,520,15708,10580568,9360
2025-06-22T16:07:21.283010,518,15860,10596428,9324
2025-06-22T16:07:22.709734,523,15718,10612146,9414
2025-06-22T16:07:24.136870,516,15920,10628066,9288
2025-06-22T16:07:25.563598,523,15718,10643784,9414
2025-06-22T16:07:26.990570,521,15768,10659552,9378
2025-06-22T16:07:28.417682,522,15885,10675437,9396
2025-06-22T16:07:29.844475,519,15835,10691272,9342
2025-06-22T16:07:31.271456,518,15783,10707055,9324
2025-06-22T16:07:32.698522,518,15813,10722868,9324
2025-06-22T16:07:34.125486,517,15895,10738763,9306
2025-06-22T16:07:35.552297,516,15840,10754603,9288
2025-06-22T16:07:36.979234,522,15875,10770478,9396
2025-06-22T16:07:38.406173,519,15953,10786431,9342
2025-06-22T16:07:39.833064,521,15805,10802236,9378
2025-06-22T16:07:41.260151,521,15820,10818056,9378
2025-06-22T16:07:42.687206,522,15873,10833929,9396
2025-06-22T16:07:44.113953,523,15838,10849767,9414
2025-06-22T16:07:45.540889,520,16048,10865815,9360
2025-06-22T16:07:46.967885,515,15985,10881800,9270
2025-06-22T16:07:48.395328,517,15758,10897558,9306
2025-06-22T16:07:49.822135,518,16123,10913681,9324
2025-06-22T16:07:51.248813,516,15988,10929669,9288
2025-06-22T16:07:52.675640,524,17345,10947014,9432
2025-06-22T16:07:54.102610,517,16260,10963274,9306
2025-06-22T16:07:55.529735,523,18048,10981322,9414
2025-06-22T16:07:56.956612,521,17275,10998597,9378
2025-06-22T16:07:58.383500,521,18803,11017400,9378
2025-06-22T16:07:59.810573,519,17955,11035355,9342
2025-06-22T16:08:01.237377,516,15895,11051250,9288
2025-06-22T16:08:02.664298,522,18703,11069953,9396
2025-06-22T16:08:04.091309,516,15945,11085898,9288
2025-06-22T16:08:05.519099,516,19595,11105493,9288
2025-06-22T16:08:06.952377,521,15900,11121393,9378
2025-06-22T16:08:08.372148,520,15873,11137266,9360
2025-06-22T16:08:09.799059,516,15905,11153171,9288
2025-06-22T16:08:11.225999,521,15820,11168991,9378
2025-06-22T16:08:12.652899,521,15830,11184821,9378
2025-06-22T16:08:14.080012,517,15953,11200774,9306
2025-06-22T16:08:15.506902,519,15943,11216717,9342
2025-06-22T16:08:16.934447,521,15950,11232667,9378
2025-06-22T16:08:18.362590,520,15948,11248615,9360
2025-06-22T16:08:19.790356,522,15848,11264463,9396
2025-06-22T16:08:21.218171,518,15953,11280416,9324
2025-06-22T16:08:22.645978,519,15930,11296346,9342
2025-06-22T16:08:24.073539,520,15918,11312264,9360
2025-06-22T16:08:25.501270,521,15873,11328137,9378
2025-06-22T16:08:26.928696,522,15830,11343967,9396
2025-06-22T16:08:28.356230,527,15930,11359897,9486
2025-06-22T16:08:29.783654,522,15940,11375837,9396
2025-06-22T16:08:31.210906,518,16040,11391877,9324
2025-06-22T16:08:32.638382,521,15938,11407815,9378
2025-06-22T16:08:34.164047,518,15823,11423638,9324
2025-06-22T16:08:35.493092,523,15938,11439576,9414
2025-06-22T16:08:36.920361,519,15848,11455424,9342
2025-06-22T16:08:38.347621,522,16235,11471659,9396
2025-06-22T16:08:39.774681,522,15903,11487562,9396
2025-06-22T16:08:41.201856,526,15933,11503495,9468
2025-06-22T16:08:42.629114,521,15980,11519475,9378
2025-06-22T16:08:44.056081,523,15843,11535318,9414
2025-06-22T16:08:45.483334,522,16035,11551353,9396
2025-06-22T16:08:46.910516,520,15928,11567281,9360
2025-06-22T16:08:48.337461,516,15920,11583201,9288
2025-06-22T16:08:49.764548,518,15938,11599139,9324
2025-06-22T16:08:51.191683,520,15953,11615092,9360
2025-06-22T16:08:52.618772,520,15845,11630937,9360
2025-06-22T16:08:54.045879,516,15938,11646875,9288
2025-06-22T16:08:55.472723,522,15945,11662820,9396
2025-06-22T16:08:56.899901,522,15975,11678795,9396
2025-06-22T16:08:58.326801,523,15933,11694728,9414
2025-06-22T16:08:59.753818,514,15970,11710698,9252
2025-06-22T16:09:01.180981,522,15863,11726561,9396
2025-06-22T16:09:02.607925,521,16143,11742704,9378
2025-06-22T16:09:04.034947,521,15968,11758672,9378
2025-06-22T16:09:05.461982,519,16010,11774682,9342
2025-06-22T16:09:06.888953,519,15960,11790642,9342
2025-06-22T16:09:08.315938,521,16040,11806682,9378
2025-06-22T16:09:09.742910,521,15873,11822555,9378
2025-06-22T16:09:11.169965,517,15940,11838495,9306
2025-06-22T16:09:12.596890,522,15953,11854448,9396
2025-06-22T16:09:14.023840,524,15928,11870376,9432
2025-06-22T16:09:15.450920,521,15958,11886334,9378
2025-06-22T16:09:16.877842,519,15953,11902287,9342
2025-06-22T16:09:18.304788,526,15978,11918265,9468
2025-06-22T16:09:19.731850,523,16033,11934298,9414
2025-06-22T16:09:21.158809,518,15873,11950171,9324
2025-06-22T16:09:22.585697,519,15968,11966139,9342
2025-06-22T16:09:24.012797,521,15995,11982134,9378
2025-06-22T16:09:25.439697,524,15925,11998059,9432
2025-06-22T16:09:26.866641,520,15993,12014052,9360
2025-06-22T16:09:28.293616,522,16040,12030092,9396
2025-06-22T16:09:29.720560,517,15995,12046087,9306
2025-06-22T16:09:31.147496,522,15880,12061967,9396
2025-06-22T16:09:32.574539,519,15988,12077955,9342
2025-06-22T16:09:34.001432,519,15998,12093953,9342
2025-06-22T16:09:35.428360,520,15988,12109941,9360
2025-06-22T16:09:36.855271,525,15993,12125934,9450
2025-06-22T16:09:38.282270,520,15958,12141892,9360
2025-06-22T16:09:39.709242,517,16100,12157992,9306
2025-06-22T16:09:41.136159,520,15893,12173885,9360
2025-06-22T16:09:42.563068,518,15993,12189878,9324
2025-06-22T16:09:43.990111,517,15985,12205863,9306
2025-06-22T16:09:45.417147,518,15995,12221858,9324
2025-06-22T16:09:46.844083,521,15988,12237846,9378
2025-06-22T16:09:48.270943,523,16025,12253871,9414
2025-06-22T16:09:49.697827,518,15908,12269779,9324
2025-06-22T16:09:51.124728,521,15933,12285712,9378
2025-06-22T16:09:52.551857,521,16005,12301717,9378
2025-06-22T16:09:53.978815,517,16075,12317792,9306
2025-06-22T16:09:55.405681,523,15993,12333785,9414
2025-06-22T16:09:56.832628,525,15918,12349703,9450
2025-06-22T16:09:58.259559,521,16020,12365723,9378
2025-06-22T16:09:59.686592,521,15998,12381721,9378
2025-06-22T16:10:01.113672,521,16008,12397729,9378
2025-06-22T16:10:02.540507,521,16020,12413749,9378
2025-06-22T16:10:03.967433,522,16050,12429799,9396
2025-06-22T16:10:05.394429,518,15920,12445719,9324
2025-06-22T16:10:06.821323,522,16035,12461754,9396
2025-06-22T16:10:08.248278,519,16010,12477764,9342
2025-06-22T16:10:09.675350,523,16003,12493767,9414
2025-06-22T16:10:11.102129,524,15985,12509752,9432
2025-06-22T16:10:15.200569,522,15993,15993,9396
2025-06-22T16:10:19.129895,521,15913,15913,9378
2025-06-22T16:10:20.552343,461,19285,35198,8298
2025-06-22T16:10:21.975718,527,16190,51388,9486
2025-06-22T16:10:23.402306,462,19595,70983,8316
2025-06-22T16:10:24.828547,521,9770,80753,9378
2025-06-22T16:10:26.253150,460,19363,100116,8280
2025-06-22T16:10:27.680531,523,11283,111399,9414
2025-06-22T16:10:29.107110,461,19193,130592,8298
2025-06-22T16:10:30.534405,522,15903,146495,9396
2025-06-22T16:10:31.960936,459,18748,165243,8262
2025-06-22T16:10:33.388481,515,15858,181101,9270
2025-06-22T16:10:34.814861,460,18963,200064,8280
2025-06-22T16:10:36.242189,517,10020,210084,9306
2025-06-22T16:10:37.668747,459,18843,228927,8262
2025-06-22T16:10:39.096127,522,15893,244820,9396
2025-06-22T16:10:40.522641,459,18533,263353,8262
2025-06-22T16:10:41.949855,518,15838,279191,9324
2025-06-22T16:10:43.372424,426,0,279191,7668
2025-06-22T16:10:44.795318,422,0,279191,7596
2025-06-22T16:10:46.218123,421,0,279191,7578
2025-06-22T16:10:47.641110,421,0,279191,7578
2025-06-22T16:10:49.064076,423,0,279191,7614
2025-06-22T16:10:50.486972,422,0,279191,7596
2025-06-22T16:10:51.909944,424,0,279191,7632
2025-06-22T16:10:53.332905,420,0,279191,7560
2025-06-22T16:10:54.755812,421,0,279191,7578
2025-06-22T16:10:56.178584,423,0,279191,7614
2025-06-22T16:10:57.601573,424,0,279191,7632
2025-06-22T16:10:59.024496,420,0,279191,7560
2025-06-22T16:11:00.447344,423,0,279191,7614
2025-06-22T16:11:01.870353,423,0,279191,7614
2025-06-22T16:11:03.293270,423,0,279191,7614
2025-06-22T16:11:04.716208,420,0,279191,7560
2025-06-22T16:11:06.139120,424,0,279191,7632
2025-06-22T16:11:07.562024,421,0,279191,7578
2025-06-22T16:11:08.985116,422,0,279191,7596
2025-06-22T16:11:10.407869,423,0,279191,7614
2025-06-22T16:11:11.830879,423,0,279191,7614
2025-06-22T16:11:13.253684,421,0,279191,7578
2025-06-22T16:11:14.676668,421,0,279191,7578
2025-06-22T16:11:16.099533,420,0,279191,7560
2025-06-22T16:11:17.522479,422,0,279191,7596
2025-06-22T16:11:18.945334,421,0,279191,7578
2025-06-22T16:11:20.368251,421,0,279191,7578
2025-06-22T16:11:21.791085,422,0,279191,7596
2025-06-22T16:11:23.214073,422,0,279191,7596
2025-06-22T16:11:24.636972,421,0,279191,7578
2025-06-22T16:11:26.060015,422,0,279191,7596
2025-06-22T16:11:27.482853,420,0,279191,7560
2025-06-22T16:11:28.905848,421,0,279191,7578
2025-06-22T16:11:30.328822,421,0,279191,7578
2025-06-22T16:11:31.751634,422,0,279191,7596
2025-06-22T16:11:33.174594,420,0,279191,7560
2025-06-22T16:11:34.597536,423,0,279191,7614
2025-06-22T16:11:36.020620,420,0,279191,7560
2025-06-22T16:11:37.443275,422,0,279191,7596
2025-06-22T16:11:38.866316,420,0,279191,7560
2025-06-22T16:11:40.289110,422,0,279191,7596
2025-06-22T16:11:41.712142,421,0,279191,7578
2025-06-22T16:11:43.139551,519,12070,291261,9342
2025-06-22T16:11:44.566096,458,18390,309651,8244
2025-06-22T16:11:45.993382,521,15355,325006,9378
2025-06-22T16:11:47.420001,455,19348,344354,8190
2025-06-22T16:11:48.847370,515,15535,359889,9270
2025-06-22T16:11:50.273988,456,17955,377844,8208
2025-06-22T16:11:51.701289,518,15480,393324,9324
2025-06-22T16:11:53.128006,454,17798,411122,8172
2025-06-22T16:11:54.554172,522,9420,420542,9396
2025-06-22T16:11:55.981665,457,17435,437977,8226
2025-06-22T16:11:57.408991,519,15438,453415,9342
2025-06-22T16:11:58.835687,459,18683,472098,8262
2025-06-22T16:12:00.262845,517,15540,487638,9306
2025-06-22T16:12:01.689596,451,21008,508646,8118
2025-06-22T16:12:03.116813,520,15450,524096,9360
2025-06-22T16:12:04.543469,456,17698,541794,8208
2025-06-22T16:12:05.970720,517,13313,555107,9306
2025-06-22T16:12:07.393245,423,0,555107,7614
2025-06-22T16:12:08.816108,424,0,555107,7632
2025-06-22T16:12:10.239056,420,0,555107,7560
2025-06-22T16:12:11.661918,423,0,555107,7614
2025-06-22T16:12:13.084901,420,0,555107,7560
2025-06-22T16:12:14.507752,421,0,555107,7578
2025-06-22T16:12:15.930639,420,0,555107,7560
2025-06-22T16:12:17.353679,425,0,555107,7650
2025-06-22T16:12:18.776456,420,0,555107,7560
2025-06-22T16:12:20.199561,421,0,555107,7578
2025-06-22T16:12:21.622392,420,0,555107,7560
2025-06-22T16:12:23.045362,422,0,555107,7596
2025-06-22T16:12:24.468338,420,0,555107,7560
2025-06-22T16:12:25.891101,421,0,555107,7578
2025-06-22T16:12:27.314103,419,0,555107,7542
2025-06-22T16:12:28.737008,420,0,555107,7560
2025-06-22T16:12:30.159868,422,0,555107,7596
2025-06-22T16:12:31.582836,420,0,555107,7560
2025-06-22T16:12:33.005639,422,0,555107,7596
2025-06-22T16:12:34.428668,423,0,555107,7614
2025-06-22T16:12:35.851448,419,0,555107,7542
2025-06-22T16:12:37.274508,422,0,555107,7596
2025-06-22T16:12:38.697394,420,0,555107,7560
2025-06-22T16:12:40.120295,422,0,555107,7596
2025-06-22T16:12:41.543353,420,0,555107,7560
2025-06-22T16:12:42.966214,422,0,555107,7596
2025-06-22T16:12:44.389161,417,0,555107,7506
2025-06-22T16:12:45.812028,422,0,555107,7596
2025-06-22T16:12:47.235008,419,0,555107,7542
2025-06-22T16:12:48.657805,422,0,555107,7596
2025-06-22T16:12:50.080789,420,0,555107,7560
2025-06-22T16:12:51.503723,421,0,555107,7578
2025-06-22T16:12:52.926631,420,0,555107,7560
2025-06-22T16:12:54.349607,422,0,555107,7596
2025-06-22T16:12:55.772550,420,0,555107,7560
2025-06-22T16:12:57.195345,420,0,555107,7560
2025-06-22T16:12:58.618232,420,0,555107,7560
2025-06-22T16:13:00.041323,420,0,555107,7560
2025-06-22T16:13:01.464131,418,0,555107,7524
2025-06-22T16:13:02.886986,420,0,555107,7560
2025-06-22T16:13:04.309968,419,0,555107,7542
2025-06-22T16:13:05.733004,420,0,555107,7560
2025-06-22T16:13:07.155784,420,0,555107,7560
2025-06-22T16:13:08.578782,420,0,555107,7560
2025-06-22T16:13:10.001655,420,0,555107,7560
2025-06-22T16:13:11.424616,420,0,555107,7560
2025-06-22T16:13:12.847489,420,0,555107,7560
2025-06-22T16:13:14.270418,420,0,555107,7560
2025-06-22T16:13:15.693424,421,0,555107,7578
2025-06-22T16:13:17.116278,425,0,555107,7650
2025-06-22T16:13:18.539070,420,0,555107,7560
2025-06-22T16:13:19.962153,422,0,555107,7596
2025-06-22T16:13:21.385130,419,0,555107,7542
2025-06-22T16:13:22.807834,420,0,555107,7560
2025-06-22T16:13:24.230964,420,0,555107,7560
2025-06-22T16:13:25.653695,420,0,555107,7560
2025-06-22T16:13:27.076874,420,0,555107,7560
2025-06-22T16:13:28.499509,420,0,555107,7560
2025-06-22T16:13:29.922480,419,0,555107,7542
2025-06-22T16:13:31.345462,421,0,555107,7578
2025-06-22T16:13:32.768371,419,0,555107,7542
2025-06-22T16:13:34.191153,421,0,555107,7578
2025-06-22T16:13:35.614228,420,0,555107,7560
2025-06-22T16:13:37.037219,422,0,555107,7596
2025-06-22T16:13:38.460133,421,0,555107,7578
2025-06-22T16:13:39.883012,420,0,555107,7560
2025-06-22T16:13:41.305932,420,0,555107,7560
2025-06-22T16:13:42.728879,422,0,555107,7596
2025-06-22T16:13:44.151924,419,0,555107,7542
2025-06-22T16:13:45.574675,421,0,555107,7578
2025-06-22T16:13:46.997588,420,0,555107,7560
2025-06-22T16:13:48.420493,421,0,555107,7578
2025-06-22T16:13:49.843453,420,0,555107,7560
2025-06-22T16:13:51.266364,423,0,555107,7614
2025-06-22T16:13:52.689178,420,0,555107,7560
2025-06-22T16:13:54.112173,420,0,555107,7560
2025-06-22T16:13:55.535122,421,0,555107,7578
2025-06-22T16:13:56.958038,423,0,555107,7614
2025-06-22T16:13:58.381018,421,0,555107,7578
2025-06-22T16:13:59.803889,420,0,555107,7560
2025-06-22T16:14:01.226882,418,0,555107,7524
2025-06-22T16:14:02.649721,420,0,555107,7560
2025-06-22T16:14:04.072763,420,0,555107,7560
2025-06-22T16:14:05.495615,420,0,555107,7560
2025-06-22T16:14:06.918543,418,0,555107,7524
2025-06-22T16:14:08.341306,420,0,555107,7560
2025-06-22T16:14:09.764355,420,0,555107,7560
2025-06-22T16:14:11.187304,422,0,555107,7596
2025-06-22T16:14:12.610183,420,0,555107,7560
2025-06-22T16:14:14.033132,419,0,555107,7542
2025-06-22T16:14:15.456104,419,0,555107,7542
2025-06-22T16:14:16.878966,422,0,555107,7596
2025-06-22T16:14:18.301830,420,0,555107,7560
2025-06-22T16:14:19.724789,420,0,555107,7560
2025-06-22T16:14:21.147694,418,0,555107,7524
2025-06-22T16:14:22.570599,420,0,555107,7560
2025-06-22T16:14:23.993518,418,0,555107,7524
2025-06-22T16:14:25.416486,420,0,555107,7560
2025-06-22T16:14:26.839404,420,0,555107,7560
2025-06-22T16:14:28.262332,418,0,555107,7524
2025-06-22T16:14:29.685222,420,0,555107,7560
2025-06-22T16:14:31.108103,420,0,555107,7560
2025-06-22T16:14:32.531173,420,0,555107,7560
2025-06-22T16:14:33.954004,421,0,555107,7578
2025-06-22T16:14:35.376924,418,0,555107,7524
2025-06-22T16:14:36.799814,421,0,555107,7578
2025-06-22T16:14:38.222803,420,0,555107,7560
2025-06-22T16:14:39.645624,422,0,555107,7596
2025-06-22T16:14:41.068542,419,0,555107,7542
2025-06-22T16:14:42.491479,420,0,555107,7560
2025-06-22T16:14:43.914452,419,0,555107,7542
2025-06-22T16:14:45.337354,420,0,555107,7560
2025-06-22T16:14:46.760333,421,0,555107,7578
2025-06-22T16:14:48.183292,422,0,555107,7596
2025-06-22T16:14:49.606144,419,0,555107,7542
2025-06-22T16:14:51.028940,422,0,555107,7596
2025-06-22T16:14:52.451991,419,0,555107,7542
2025-06-22T16:14:53.874865,421,0,555107,7578
2025-06-22T16:14:55.297814,419,0,555107,7542
2025-06-22T16:14:56.720800,422,0,555107,7596
2025-06-22T16:14:58.143614,420,0,555107,7560
2025-06-22T16:14:59.566591,421,0,555107,7578
2025-06-22T16:15:00.989350,419,0,555107,7542
2025-06-22T16:15:02.412428,419,0,555107,7542
2025-06-22T16:15:03.835211,420,0,555107,7560
2025-06-22T16:15:05.258295,419,0,555107,7542
2025-06-22T16:15:06.681110,418,0,555107,7524
2025-06-22T16:15:08.104142,421,0,555107,7578
2025-06-22T16:15:09.527001,418,0,555107,7524
2025-06-22T16:15:10.949891,420,0,555107,7560
2025-06-22T16:15:12.372859,420,0,555107,7560
2025-06-22T16:15:13.795812,421,0,555107,7578
2025-06-22T16:15:15.218741,420,0,555107,7560
2025-06-22T16:15:16.641617,420,0,555107,7560
2025-06-22T16:15:18.064569,419,0,555107,7542
2025-06-22T16:15:19.487439,419,0,555107,7542
2025-06-22T16:15:20.910405,420,0,555107,7560
2025-06-22T16:15:22.333289,420,0,555107,7560
2025-06-22T16:15:23.756263,416,0,555107,7488
2025-06-22T16:15:25.179109,419,0,555107,7542
2025-06-22T16:15:26.602083,419,0,555107,7542
2025-06-22T16:15:28.025055,423,0,555107,7614
2025-06-22T16:15:29.447900,421,0,555107,7578
2025-06-22T16:15:30.870826,420,0,555107,7560
2025-06-22T16:15:32.293656,420,0,555107,7560
2025-06-22T16:15:33.716618,420,0,555107,7560
2025-06-22T16:15:35.139566,419,0,555107,7542
2025-06-22T16:15:36.562428,423,0,555107,7614
2025-06-22T16:15:37.985315,418,0,555107,7524
2025-06-22T16:15:39.408420,420,0,555107,7560
2025-06-22T16:15:40.831229,420,0,555107,7560
2025-06-22T16:15:42.254161,421,0,555107,7578
2025-06-22T16:15:43.677170,419,0,555107,7542
2025-06-22T16:15:45.100033,420,0,555107,7560
2025-06-22T16:15:46.522990,417,0,555107,7506
2025-06-22T16:15:47.945867,421,0,555107,7578
2025-06-22T16:15:49.368871,420,0,555107,7560
2025-06-22T16:15:50.791684,420,0,555107,7560
2025-06-22T16:15:52.214710,420,0,555107,7560
2025-06-22T16:15:53.637584,422,0,555107,7596
2025-06-22T16:15:55.060444,420,0,555107,7560
2025-06-22T16:15:56.483393,419,0,555107,7542
2025-06-22T16:15:57.906424,418,0,555107,7524
2025-06-22T16:15:59.329534,420,0,555107,7560
2025-06-22T16:16:00.752217,420,0,555107,7560
2025-06-22T16:16:02.175183,420,0,555107,7560
2025-06-22T16:16:03.598018,420,0,555107,7560
2025-06-22T16:16:05.021003,420,0,555107,7560
2025-06-22T16:16:06.443824,418,0,555107,7524
2025-06-22T16:16:07.866826,420,0,555107,7560
2025-06-22T16:16:09.289612,420,0,555107,7560
2025-06-22T16:16:10.712653,420,0,555107,7560
2025-06-22T16:16:12.135511,419,0,555107,7542
2025-06-22T16:16:13.558548,420,0,555107,7560
2025-06-22T16:16:14.981376,419,0,555107,7542
2025-06-22T16:16:16.404358,421,0,555107,7578
2025-06-22T16:16:17.827191,420,0,555107,7560
2025-06-22T16:16:19.250035,420,0,555107,7560
2025-06-22T16:16:20.673049,420,0,555107,7560
2025-06-22T16:16:22.096003,423,0,555107,7614
2025-06-22T16:16:23.518996,419,0,555107,7542
2025-06-22T16:16:24.941891,421,0,555107,7578
2025-06-22T16:16:26.364775,420,0,555107,7560
2025-06-22T16:16:27.787647,421,0,555107,7578
2025-06-22T16:16:29.210608,419,0,555107,7542
2025-06-22T16:16:30.633478,422,0,555107,7596
2025-06-22T16:16:32.056467,420,0,555107,7560
2025-06-22T16:16:33.479314,421,0,555107,7578
2025-06-22T16:16:34.902297,420,0,555107,7560
2025-06-22T16:16:36.325156,421,0,555107,7578
2025-06-22T16:16:37.748173,420,0,555107,7560
2025-06-22T16:16:39.171136,420,0,555107,7560
2025-06-22T16:16:40.593911,420,0,555107,7560
2025-06-22T16:16:42.016947,421,0,555107,7578
2025-06-22T16:16:43.439808,419,0,555107,7542
2025-06-22T16:16:44.862778,420,0,555107,7560
2025-06-22T16:16:46.285768,417,0,555107,7506
2025-06-22T16:16:47.708596,420,0,555107,7560
2025-06-22T16:16:49.131461,418,0,555107,7524
2025-06-22T16:16:50.554461,420,0,555107,7560
2025-06-22T16:16:51.977292,419,0,555107,7542
2025-06-22T16:16:53.400241,418,0,555107,7524
2025-06-22T16:16:54.823111,419,0,555107,7542
2025-06-22T16:16:56.246220,420,0,555107,7560
2025-06-22T16:16:57.668963,419,0,555107,7542
2025-06-22T16:16:59.091823,420,0,555107,7560
2025-06-22T16:17:00.514935,419,0,555107,7542
2025-06-22T16:17:01.937851,419,0,555107,7542
2025-06-22T16:17:03.360743,420,0,555107,7560
2025-06-22T16:17:04.783702,418,0,555107,7524
2025-06-22T16:17:06.206427,418,0,555107,7524
2025-06-22T16:17:07.629328,420,0,555107,7560
2025-06-22T16:17:09.052371,420,0,555107,7560
2025-06-22T16:17:10.475359,420,0,555107,7560
2025-06-22T16:17:11.898289,419,0,555107,7542
2025-06-22T16:17:13.321121,422,0,555107,7596
2025-06-22T16:17:14.744076,418,0,555107,7524
2025-06-22T16:17:16.166984,420,0,555107,7560
2025-06-22T16:17:17.589946,418,0,555107,7524
2025-06-22T16:17:19.012877,420,0,555107,7560
2025-06-22T16:17:20.435733,419,0,555107,7542
2025-06-22T16:17:21.858674,422,0,555107,7596
2025-06-22T16:17:23.281535,418,0,555107,7524
2025-06-22T16:17:24.704470,420,0,555107,7560
2025-06-22T16:17:26.127361,419,0,555107,7542
2025-06-22T16:17:27.550411,420,0,555107,7560
2025-06-22T16:17:28.973212,420,0,555107,7560
2025-06-22T16:17:30.396253,420,0,555107,7560
2025-06-22T16:17:31.819120,418,0,555107,7524
2025-06-22T16:17:33.242087,421,0,555107,7578
2025-06-22T16:17:34.665097,419,0,555107,7542
2025-06-22T16:17:36.087837,420,0,555107,7560
2025-06-22T16:17:37.510834,420,0,555107,7560
2025-06-22T16:17:38.933740,419,0,555107,7542
2025-06-22T16:17:40.356689,419,0,555107,7542
2025-06-22T16:17:41.779890,420,0,555107,7560
2025-06-22T16:17:43.202560,418,0,555107,7524
2025-06-22T16:17:44.625264,419,0,555107,7542
2025-06-22T16:17:46.048436,418,0,555107,7524
2025-06-22T16:17:47.471099,420,0,555107,7560
2025-06-22T16:17:48.894049,420,0,555107,7560
2025-06-22T16:17:50.316956,421,0,555107,7578
2025-06-22T16:17:51.739985,420,0,555107,7560
2025-06-22T16:17:53.162907,419,0,555107,7542
2025-06-22T16:17:54.585817,420,0,555107,7560
2025-06-22T16:17:56.008823,421,0,555107,7578
2025-06-22T16:17:57.431735,419,0,555107,7542
2025-06-22T16:17:58.854504,420,0,555107,7560
2025-06-22T16:18:00.277511,420,0,555107,7560
2025-06-22T16:18:01.700601,420,0,555107,7560
2025-06-22T16:18:03.123305,420,0,555107,7560
2025-06-22T16:18:04.546288,419,0,555107,7542
2025-06-22T16:18:05.969148,419,0,555107,7542
2025-06-22T16:18:07.392136,419,0,555107,7542
2025-06-22T16:18:08.814860,419,0,555107,7542
2025-06-22T16:18:10.237985,419,0,555107,7542
2025-06-22T16:18:11.661138,420,0,555107,7560
2025-06-22T16:18:13.083772,422,0,555107,7596
2025-06-22T16:18:14.506710,420,0,555107,7560
2025-06-22T16:18:15.929631,418,0,555107,7524
2025-06-22T16:18:17.352638,419,0,555107,7542
2025-06-22T16:18:18.775377,420,0,555107,7560
2025-06-22T16:18:20.198454,419,0,555107,7542
2025-06-22T16:18:21.621232,420,0,555107,7560
2025-06-22T16:18:23.044260,418,0,555107,7524
2025-06-22T16:18:24.467123,419,0,555107,7542
2025-06-22T16:18:25.890074,421,0,555107,7578
2025-06-22T16:18:27.312911,420,0,555107,7560
2025-06-22T16:18:28.735985,420,0,555107,7560
2025-06-22T16:18:30.158807,418,0,555107,7524
2025-06-22T16:18:31.581750,418,0,555107,7524
2025-06-22T16:18:33.004603,419,0,555107,7542
2025-06-22T16:18:34.427537,419,0,555107,7542
2025-06-22T16:18:35.850669,421,0,555107,7578
2025-06-22T16:18:37.273410,419,0,555107,7542
2025-06-22T16:18:38.696358,420,0,555107,7560
2025-06-22T16:18:40.119274,420,0,555107,7560
2025-06-22T16:18:41.542105,420,0,555107,7560
2025-06-22T16:18:42.965072,419,0,555107,7542
2025-06-22T16:18:44.388118,420,0,555107,7560
2025-06-22T16:18:45.811009,418,0,555107,7524
2025-06-22T16:18:47.233947,420,0,555107,7560
2025-06-22T16:18:48.656726,420,0,555107,7560
2025-06-22T16:18:50.079747,419,0,555107,7542
2025-06-22T16:18:51.502681,420,0,555107,7560
2025-06-22T16:18:52.925552,418,0,555107,7524
2025-06-22T16:18:54.348531,420,0,555107,7560
2025-06-22T16:18:55.771361,419,0,555107,7542
2025-06-22T16:18:57.194329,420,0,555107,7560
2025-06-22T16:18:58.617268,420,0,555107,7560
2025-06-22T16:19:00.040066,419,0,555107,7542
2025-06-22T16:19:01.463068,420,0,555107,7560
2025-06-22T16:19:02.886064,419,0,555107,7542
2025-06-22T16:19:04.308901,421,0,555107,7578
2025-06-22T16:19:05.731885,420,0,555107,7560
2025-06-22T16:19:07.154785,419,0,555107,7542
2025-06-22T16:19:08.577685,418,0,555107,7524
2025-06-22T16:19:10.000681,419,0,555107,7542
2025-06-22T16:19:11.423434,418,0,555107,7524
2025-06-22T16:19:12.846368,420,0,555107,7560
2025-06-22T16:19:14.269342,420,0,555107,7560
2025-06-22T16:19:15.692442,420,0,555107,7560
2025-06-22T16:19:17.115213,420,0,555107,7560
2025-06-22T16:19:18.538170,419,0,555107,7542
2025-06-22T16:19:19.960967,420,0,555107,7560
2025-06-22T16:19:21.383970,417,0,555107,7506
2025-06-22T16:19:22.806911,421,0,555107,7578
2025-06-22T16:19:24.229785,419,0,555107,7542
2025-06-22T16:19:25.652714,421,0,555107,7578
2025-06-22T16:19:27.075595,421,0,555107,7578
2025-06-22T16:19:28.498596,417,0,555107,7506
2025-06-22T16:19:29.921529,419,0,555107,7542
2025-06-22T16:19:31.344396,420,0,555107,7560
2025-06-22T16:19:32.767284,420,0,555107,7560
2025-06-22T16:19:34.190346,420,0,555107,7560
2025-06-22T16:19:35.613154,420,0,555107,7560
2025-06-22T16:19:37.036101,420,0,555107,7560
2025-06-22T16:19:38.459430,421,0,555107,7578
2025-06-22T16:19:39.881979,419,0,555107,7542
2025-06-22T16:19:41.304852,418,0,555107,7524
2025-06-22T16:19:42.727768,420,0,555107,7560
2025-06-22T16:19:44.150669,420,0,555107,7560
2025-06-22T16:19:45.573670,419,0,555107,7542
2025-06-22T16:19:46.996593,420,0,555107,7560
2025-06-22T16:19:48.419479,420,0,555107,7560
2025-06-22T16:19:49.842405,420,0,555107,7560
2025-06-22T16:19:51.265246,419,0,555107,7542
2025-06-22T16:19:52.688270,420,0,555107,7560
2025-06-22T16:19:54.111116,419,0,555107,7542
2025-06-22T16:19:55.534000,422,0,555107,7596
2025-06-22T16:19:56.956936,420,0,555107,7560
2025-06-22T16:19:58.379933,422,0,555107,7596
2025-06-22T16:19:59.802818,420,0,555107,7560
2025-06-22T16:20:01.225760,420,0,555107,7560
2025-06-22T16:20:02.648730,420,0,555107,7560
2025-06-22T16:20:04.071587,421,0,555107,7578
2025-06-22T16:20:05.494524,420,0,555107,7560
2025-06-22T16:20:06.917340,421,0,555107,7578
2025-06-22T16:20:08.340453,421,0,555107,7578
2025-06-22T16:20:09.763268,422,0,555107,7596
2025-06-22T16:20:11.186207,419,0,555107,7542
2025-06-22T16:20:12.609115,422,0,555107,7596
2025-06-22T16:20:14.032075,421,0,555107,7578
2025-06-22T16:20:15.454832,420,0,555107,7560
2025-06-22T16:20:16.878055,420,0,555107,7560
2025-06-22T16:20:18.300692,421,0,555107,7578
2025-06-22T16:20:19.723697,419,0,555107,7542
2025-06-22T16:20:21.146503,420,0,555107,7560
2025-06-22T16:20:22.569500,420,0,555107,7560
2025-06-22T16:20:23.992662,421,0,555107,7578
2025-06-22T16:20:25.415455,420,0,555107,7560
2025-06-22T16:20:29.513869,420,0,0,7560
2025-06-22T16:20:33.475431,419,0,0,7542
2025-06-22T16:20:34.890408,421,0,0,7578
2025-06-22T16:20:36.313432,511,14743,14743,9198
2025-06-22T16:20:37.736546,517,17188,31931,9306
2025-06-22T16:20:39.163499,519,15008,46939,9342
2025-06-22T16:20:40.586469,518,15013,61952,9324
2025-06-22T16:20:42.009345,524,15075,77027,9432
2025-06-22T16:20:43.432217,521,18390,95417,9378
2025-06-22T16:20:44.860361,518,15145,110562,9324
2025-06-22T16:20:46.287156,518,15238,125800,9324
2025-06-22T16:20:47.714114,522,15105,140905,9396
2025-06-22T16:20:49.141056,518,15188,156093,9324
2025-06-22T16:20:50.568073,521,15095,171188,9378
2025-06-22T16:20:51.994984,519,15180,186368,9342
2025-06-22T16:20:53.421886,517,15240,201608,9306
2025-06-22T16:20:54.848790,521,15233,216841,9378
2025-06-22T16:20:56.275956,517,15240,232081,9306
2025-06-22T16:20:57.702837,514,15275,247356,9252
2025-06-22T16:20:59.129598,519,15238,262594,9342
2025-06-22T16:21:00.556547,520,15248,277842,9360
2025-06-22T16:21:01.983701,525,15308,293150,9450
2025-06-22T16:21:03.410441,520,15285,308435,9360
2025-06-22T16:21:04.837605,526,17043,325478,9468
2025-06-22T16:21:06.264449,521,18305,343783,9378
2025-06-22T16:21:07.691454,522,15325,359108,9396
2025-06-22T16:21:09.118326,522,15340,374448,9396
2025-06-22T16:21:10.541193,506,0,374448,9108
2025-06-22T16:21:11.963937,423,0,374448,7614
2025-06-22T16:21:13.386921,422,0,374448,7596
2025-06-22T16:21:14.809902,422,0,374448,7596
2025-06-22T16:21:16.232766,418,0,374448,7524
2025-06-22T16:21:17.655789,421,0,374448,7578
2025-06-22T16:21:19.078690,420,0,374448,7560
2025-06-22T16:21:20.501544,420,0,374448,7560
2025-06-22T16:21:21.924485,422,0,374448,7596
2025-06-22T16:21:23.347401,422,0,374448,7596
2025-06-22T16:21:24.770315,419,0,374448,7542
2025-06-22T16:21:26.193307,421,0,374448,7578
2025-06-22T16:21:27.616173,420,0,374448,7560
2025-06-22T16:21:29.039114,421,0,374448,7578
2025-06-22T16:21:30.462051,419,0,374448,7542
2025-06-22T16:21:31.884751,420,0,374448,7560
2025-06-22T16:21:33.307838,422,0,374448,7596
2025-06-22T16:21:34.730708,420,0,374448,7560
2025-06-22T16:21:36.156750,430,6015,380463,7740
2025-06-22T16:21:37.580766,517,16595,397058,9306
2025-06-22T16:21:39.007702,519,17983,415041,9342
2025-06-22T16:21:40.434772,522,16818,431859,9396
2025-06-22T16:21:41.861793,517,18410,450269,9306
2025-06-22T16:21:43.288580,520,17270,467539,9360
2025-06-22T16:21:44.715615,518,18775,486314,9324
2025-06-22T16:21:46.142561,518,17748,504062,9324
2025-06-22T16:21:47.569427,519,19175,523237,9342
2025-06-22T16:21:48.996368,519,17938,541175,9342
2025-06-22T16:21:50.423233,523,15308,556483,9414
2025-06-22T16:21:51.850302,516,15300,571783,9288
2025-06-22T16:21:53.277201,522,15325,587108,9396
2025-06-22T16:21:54.704238,523,15313,602421,9414
2025-06-22T16:21:56.131165,516,15003,617424,9288
2025-06-22T16:21:57.558035,519,15398,632822,9342
2025-06-22T16:21:58.985082,520,14708,647530,9360
2025-06-22T16:22:00.411984,520,14818,662348,9360
2025-06-22T16:22:01.838959,521,14815,677163,9378
2025-06-22T16:22:03.265880,523,14445,691608,9414
2025-06-22T16:22:04.692898,519,15113,706721,9342
2025-06-22T16:22:06.119795,518,15513,722234,9324
2025-06-22T16:22:07.546666,513,15890,738124,9234
2025-06-22T16:22:08.973805,523,15575,753699,9414
2025-06-22T16:22:10.400633,519,15450,769149,9342
2025-06-22T16:22:11.827562,522,15465,784614,9396
2025-06-22T16:22:13.254602,518,15530,800144,9324
2025-06-22T16:22:14.681491,522,15500,815644,9396
2025-06-22T16:22:16.108470,526,15433,831077,9468
2025-06-22T16:22:17.535399,521,15493,846570,9378
2025-06-22T16:22:18.962377,524,15505,862075,9432
2025-06-22T16:22:20.389327,520,15565,877640,9360
2025-06-22T16:22:21.816383,521,15650,893290,9378
2025-06-22T16:22:23.243213,522,15578,908868,9396
2025-06-22T16:22:24.670198,523,16198,925066,9414
2025-06-22T16:22:26.097065,524,15503,940569,9432
2025-06-22T16:22:27.524128,521,17645,958214,9378
2025-06-22T16:22:28.950924,522,16758,974972,9396
2025-06-22T16:22:30.377923,521,18733,993705,9378
2025-06-22T16:22:31.806022,524,17885,1011590,9432
2025-06-22T16:22:33.232909,522,15600,1027190,9396
2025-06-22T16:22:34.659907,520,19075,1046265,9360
2025-06-22T16:22:36.086936,524,15593,1061858,9432
2025-06-22T16:22:37.513632,513,15578,1077436,9234
2025-06-22T16:22:38.940557,523,15625,1093061,9414
2025-06-22T16:22:40.367609,525,15590,1108651,9450
2025-06-22T16:22:41.794705,523,15625,1124276,9414
2025-06-22T16:22:43.221597,520,15788,1140064,9360
2025-06-22T16:22:44.648486,524,15645,1155709,9432
2025-06-22T16:22:46.075493,516,15578,1171287,9288
2025-06-22T16:22:47.502452,521,15698,1186985,9378
2025-06-22T16:22:48.929482,523,15695,1202680,9414
2025-06-22T16:22:50.356383,518,15645,1218325,9324
2025-06-22T16:22:51.783264,520,15575,1233900,9360
2025-06-22T16:22:53.210137,523,15658,1249558,9414
2025-06-22T16:22:54.637210,522,15713,1265271,9396
2025-06-22T16:22:56.064135,519,15720,1280991,9342
2025-06-22T16:22:57.491089,524,15773,1296764,9432
2025-06-22T16:22:58.917978,521,15675,1312439,9378
2025-06-22T16:23:00.345032,524,15683,1328122,9432
2025-06-22T16:23:01.771953,521,15718,1343840,9378
2025-06-22T16:23:03.198907,522,15675,1359515,9396
2025-06-22T16:23:04.625876,520,15718,1375233,9360
2025-06-22T16:23:06.052791,520,15650,1390883,9360
2025-06-22T16:23:07.479726,524,15718,1406601,9432
2025-06-22T16:23:08.906697,520,15733,1422334,9360
2025-06-22T16:23:10.333606,523,16403,1438737,9414
2025-06-22T16:23:11.760577,521,15728,1454465,9378
2025-06-22T16:23:13.187550,521,17398,1471863,9378
2025-06-22T16:23:14.614507,526,16370,1488233,9468
2025-06-22T16:23:16.041453,522,18238,1506471,9396
2025-06-22T16:23:17.468399,525,17478,1523949,9450
2025-06-22T16:23:18.895382,525,18903,1542852,9450
2025-06-22T16:23:20.323221,520,18258,1561110,9360
2025-06-22T16:23:21.751204,521,15720,1576830,9378
2025-06-22T16:23:23.178957,524,18783,1595613,9432
2025-06-22T16:23:24.606536,525,15745,1611358,9450
2025-06-22T16:23:26.034150,518,15798,1627156,9324
2025-06-22T16:23:27.461707,524,15730,1642886,9432
2025-06-22T16:23:28.889165,528,15760,1658646,9504
2025-06-22T16:23:30.316671,518,15768,1674414,9324
2025-06-22T16:23:31.744175,522,15715,1690129,9396
2025-06-22T16:23:33.171565,520,15793,1705922,9360
2025-06-22T16:23:34.598815,521,15793,1721715,9378
2025-06-22T16:23:36.026191,527,17560,1739275,9486
2025-06-22T16:23:37.459731,519,16235,1755510,9342
2025-06-22T16:23:38.880623,525,17435,1772945,9450
2025-06-22T16:23:40.307803,518,15853,1788798,9324
2025-06-22T16:23:41.735167,523,17405,1806203,9414
2025-06-22T16:23:43.162262,522,15798,1822001,9396
2025-06-22T16:23:44.589258,527,17033,1839034,9486
2025-06-22T16:23:46.016521,531,15793,1854827,9558
2025-06-22T16:23:47.443679,520,16928,1871755,9360
2025-06-22T16:23:48.882248,520,15908,1887663,9360
2025-06-22T16:23:50.297926,521,16808,1904471,9378
2025-06-22T16:23:51.724936,524,15830,1920301,9432
2025-06-22T16:23:53.152016,527,16435,1936736,9486
2025-06-22T16:23:54.579025,520,15870,1952606,9360
2025-06-22T16:23:56.006237,527,16405,1969011,9486
2025-06-22T16:23:57.433175,521,15845,1984856,9378
2025-06-22T16:23:58.860036,524,16323,2001179,9432
2025-06-22T16:24:00.287205,522,15860,2017039,9396
2025-06-22T16:24:01.714218,535,16673,2033712,9630
2025-06-22T16:24:03.141249,523,15850,2049562,9414
2025-06-22T16:24:04.568335,521,16558,2066120,9378
2025-06-22T16:24:05.995279,525,15853,2081973,9450
2025-06-22T16:24:07.422269,524,16525,2098498,9432
2025-06-22T16:24:08.849305,522,15833,2114331,9396
2025-06-22T16:24:10.276340,519,16480,2130811,9342
2025-06-22T16:24:11.703230,523,15840,2146651,9414
2025-06-22T16:24:13.130189,526,16705,2163356,9468
2025-06-22T16:24:14.557215,522,15798,2179154,9396
2025-06-22T16:24:15.984566,528,17070,2196224,9504
2025-06-22T16:24:17.411139,525,15883,2212107,9450
2025-06-22T16:24:18.838100,523,17105,2229212,9414
2025-06-22T16:24:20.265082,521,15873,2245085,9378
2025-06-22T16:24:21.691929,525,17450,2262535,9450
2025-06-22T16:24:23.118990,525,16353,2278888,9450
2025-06-22T16:24:24.546036,524,17885,2296773,9432
2025-06-22T16:24:25.973013,524,16778,2313551,9432
2025-06-22T16:24:27.400035,521,18250,2331801,9378
2025-06-22T16:24:28.826891,525,16785,2348586,9450
2025-06-22T16:24:30.253996,524,18333,2366919,9432
2025-06-22T16:24:31.680920,526,17375,2384294,9468
2025-06-22T16:24:33.107821,523,18725,2403019,9414
2025-06-22T16:24:34.534788,522,17740,2420759,9396
2025-06-22T16:24:35.961642,519,18978,2439737,9342
2025-06-22T16:24:37.388742,524,17783,2457520,9432
2025-06-22T16:24:38.815674,524,18990,2476510,9432
2025-06-22T16:24:40.242616,523,17870,2494380,9414
2025-06-22T16:24:41.669604,528,19038,2513418,9504
2025-06-22T16:24:43.096555,521,17855,2531273,9378
2025-06-22T16:24:44.523357,524,19115,2550388,9432
2025-06-22T16:24:45.950493,523,18258,2568646,9414
2025-06-22T16:24:47.377408,523,19275,2587921,9414
2025-06-22T16:24:48.804279,523,18253,2606174,9414
2025-06-22T16:24:50.231224,524,19350,2625524,9432
2025-06-22T16:24:51.658203,521,18363,2643887,9378
2025-06-22T16:24:53.085267,521,19348,2663235,9378
2025-06-22T16:24:54.512240,523,17820,2681055,9414
2025-06-22T16:24:55.939188,523,18955,2700010,9414
2025-06-22T16:24:57.366057,524,17508,2717518,9432
2025-06-22T16:24:58.792969,524,18313,2735831,9432
2025-06-22T16:25:00.220038,521,16818,2752649,9378
2025-06-22T16:25:01.646912,520,17563,2770212,9360
2025-06-22T16:25:03.073763,522,14775,2784987,9396
2025-06-22T16:25:04.500873,526,14373,2799360,9468
2025-06-22T16:25:05.927814,523,15610,2814970,9414
2025-06-22T16:25:07.354711,521,15930,2830900,9378
2025-06-22T16:25:08.781757,522,15948,2846848,9396
2025-06-22T16:25:10.208703,520,15908,2862756,9360
2025-06-22T16:25:11.635598,521,14760,2877516,9378
2025-06-22T16:25:13.062684,522,10648,2888164,9396
2025-06-22T16:25:14.489484,521,12535,2900699,9378
2025-06-22T16:25:15.916493,522,16905,2917604,9396
2025-06-22T16:25:17.343382,522,16128,2933732,9396
2025-06-22T16:25:18.770430,520,15543,2949275,9360
2025-06-22T16:25:20.197363,524,15713,2964988,9432
2025-06-22T16:25:21.624229,526,15798,2980786,9468
2025-06-22T16:25:23.051304,525,15863,2996649,9450
2025-06-22T16:25:24.478254,523,15895,3012544,9414
2025-06-22T16:25:25.905165,526,15900,3028444,9468
2025-06-22T16:25:27.332189,525,15855,3044299,9450
2025-06-22T16:25:28.759057,524,15860,3060159,9432
2025-06-22T16:25:30.181953,428,0,3060159,7704
2025-06-22T16:25:31.604714,428,0,3060159,7704
2025-06-22T16:25:33.027710,426,0,3060159,7668
2025-06-22T16:25:34.450562,428,0,3060159,7704
2025-06-22T16:25:35.873537,426,0,3060159,7668
2025-06-22T16:25:37.296384,426,0,3060159,7668
2025-06-22T16:25:38.719372,427,0,3060159,7686
2025-06-22T16:25:40.142229,426,0,3060159,7668
2025-06-22T16:25:41.565103,426,0,3060159,7668
2025-06-22T16:25:42.988071,426,0,3060159,7668
2025-06-22T16:25:44.410913,426,0,3060159,7668
2025-06-22T16:25:45.833896,426,0,3060159,7668
2025-06-22T16:25:47.256775,426,0,3060159,7668
2025-06-22T16:25:48.679854,426,0,3060159,7668
2025-06-22T16:25:50.102728,424,0,3060159,7632
2025-06-22T16:25:51.525576,426,0,3060159,7668
2025-06-22T16:25:52.948503,424,0,3060159,7632
2025-06-22T16:25:54.371539,423,0,3060159,7614
2025-06-22T16:25:55.794384,424,0,3060159,7632
2025-06-22T16:25:57.217310,426,0,3060159,7668
2025-06-22T16:25:58.640220,424,0,3060159,7632
2025-06-22T16:26:00.063357,425,0,3060159,7650
2025-06-22T16:26:01.486150,424,0,3060159,7632
2025-06-22T16:26:02.908947,423,0,3060159,7614
2025-06-22T16:26:04.331944,425,0,3060159,7650
2025-06-22T16:26:05.754982,423,0,3060159,7614
2025-06-22T16:26:07.177895,424,0,3060159,7632
2025-06-22T16:26:08.600664,424,0,3060159,7632
2025-06-22T16:26:10.023733,424,0,3060159,7632
2025-06-22T16:26:11.446536,424,0,3060159,7632
2025-06-22T16:26:12.869488,424,0,3060159,7632
2025-06-22T16:26:14.292366,424,0,3060159,7632
2025-06-22T16:26:15.719493,507,18695,3078854,9126
2025-06-22T16:26:17.146513,520,16938,3095792,9360
2025-06-22T16:26:18.573423,518,17268,3113060,9324
2025-06-22T16:26:20.000373,523,15548,3128608,9414
2025-06-22T16:26:21.427384,523,15718,3144326,9414
2025-06-22T16:26:22.854584,523,15593,3159919,9414
2025-06-22T16:26:24.277094,483,0,3159919,8694
2025-06-22T16:26:25.699920,426,0,3159919,7668
2025-06-22T16:26:27.122805,422,0,3159919,7596
2025-06-22T16:26:28.545784,423,0,3159919,7614
2025-06-22T16:26:29.968829,423,0,3159919,7614
2025-06-22T16:26:31.391537,427,0,3159919,7686
2025-06-22T16:26:32.814593,423,0,3159919,7614
2025-06-22T16:26:34.237445,425,0,3159919,7650
2025-06-22T16:26:35.660420,426,0,3159919,7668
2025-06-22T16:26:37.083244,426,0,3159919,7668
2025-06-22T16:26:38.506133,427,0,3159919,7686
2025-06-22T16:26:39.929137,427,0,3159919,7686
2025-06-22T16:26:41.352065,423,0,3159919,7614
2025-06-22T16:26:42.774981,425,0,3159919,7650
2025-06-22T16:26:44.197911,427,0,3159919,7686
2025-06-22T16:26:45.620922,426,0,3159919,7668
2025-06-22T16:26:47.043795,423,0,3159919,7614
2025-06-22T16:26:48.466768,427,0,3159919,7686
2025-06-22T16:26:49.889625,425,0,3159919,7650
2025-06-22T16:26:51.312613,427,0,3159919,7686
2025-06-22T16:26:52.735262,426,0,3159919,7668
2025-06-22T16:26:54.158267,425,0,3159919,7650
2025-06-22T16:26:55.581287,425,0,3159919,7650
2025-06-22T16:26:57.004291,426,0,3159919,7668
2025-06-22T16:26:58.427101,424,0,3159919,7632
2025-06-22T16:26:59.850076,425,0,3159919,7650
2025-06-22T16:27:01.273079,423,0,3159919,7614
2025-06-22T16:27:02.695929,427,0,3159919,7686
2025-06-22T16:27:04.118879,424,0,3159919,7632
2025-06-22T16:27:05.541728,425,0,3159919,7650
2025-06-22T16:27:06.964761,426,0,3159919,7668
2025-06-22T16:27:08.387588,426,0,3159919,7668
2025-06-22T16:27:09.810573,424,0,3159919,7632
2025-06-22T16:27:11.233427,427,0,3159919,7686
2025-06-22T16:27:12.656434,425,0,3159919,7650
2025-06-22T16:27:14.079359,426,0,3159919,7668
2025-06-22T16:27:15.502269,424,0,3159919,7632
2025-06-22T16:27:16.925195,425,0,3159919,7650
2025-06-22T16:27:18.348044,422,0,3159919,7596
2025-06-22T16:27:19.771027,426,0,3159919,7668
2025-06-22T16:27:21.193947,423,0,3159919,7614
2025-06-22T16:27:22.616942,426,0,3159919,7668
2025-06-22T16:27:24.039715,423,0,3159919,7614
2025-06-22T16:27:25.462724,424,0,3159919,7632
2025-06-22T16:27:26.885626,423,0,3159919,7614
2025-06-22T16:27:28.308500,425,0,3159919,7650
2025-06-22T16:27:29.731407,425,0,3159919,7650
2025-06-22T16:27:31.154410,427,0,3159919,7686
2025-06-22T16:27:32.577134,424,0,3159919,7632
2025-06-22T16:27:34.000190,426,0,3159919,7668
2025-06-22T16:27:35.423221,424,0,3159919,7632
2025-06-22T16:27:36.845956,426,0,3159919,7668
2025-06-22T16:27:38.269067,422,0,3159919,7596
2025-06-22T16:27:39.691903,425,0,3159919,7650
2025-06-22T16:27:41.114862,425,0,3159919,7650
2025-06-22T16:27:42.537583,425,0,3159919,7650
2025-06-22T16:27:43.960628,426,0,3159919,7668
2025-06-22T16:27:45.383558,426,0,3159919,7668
2025-06-22T16:27:46.806459,424,0,3159919,7632
2025-06-22T16:27:48.229477,424,0,3159919,7632
2025-06-22T16:27:49.652373,427,0,3159919,7686
2025-06-22T16:27:51.075348,424,0,3159919,7632
2025-06-22T16:27:52.498193,427,0,3159919,7686
2025-06-22T16:27:53.921177,425,0,3159919,7650
2025-06-22T16:27:55.343997,424,0,3159919,7632
2025-06-22T16:27:56.766971,424,0,3159919,7632
2025-06-22T16:27:58.189815,425,0,3159919,7650
2025-06-22T16:27:59.612822,426,0,3159919,7668
2025-06-22T16:28:01.035633,424,0,3159919,7632
2025-06-22T16:28:02.458577,424,0,3159919,7632
2025-06-22T16:28:03.881654,424,0,3159919,7632
2025-06-22T16:28:05.304485,424,0,3159919,7632
2025-06-22T16:28:06.727285,423,0,3159919,7614
2025-06-22T16:28:08.150286,425,0,3159919,7650
2025-06-22T16:28:09.573208,424,0,3159919,7632
2025-06-22T16:28:10.996230,424,0,3159919,7632
2025-06-22T16:28:12.419190,424,0,3159919,7632
2025-06-22T16:28:13.842005,425,0,3159919,7650
2025-06-22T16:28:15.265060,424,0,3159919,7632
2025-06-22T16:28:16.687750,425,0,3159919,7650
2025-06-22T16:28:18.110834,424,0,3159919,7632
2025-06-22T16:28:19.533745,423,0,3159919,7614
2025-06-22T16:28:20.956657,424,0,3159919,7632
2025-06-22T16:28:22.379582,424,0,3159919,7632
2025-06-22T16:28:23.802572,424,0,3159919,7632
2025-06-22T16:28:25.225210,425,0,3159919,7650
2025-06-22T16:28:26.648183,424,0,3159919,7632
2025-06-22T16:28:28.071326,425,0,3159919,7650
2025-06-22T16:28:29.494142,423,0,3159919,7614
2025-06-22T16:28:30.917172,423,0,3159919,7614
2025-06-22T16:28:32.339883,423,0,3159919,7614
2025-06-22T16:28:33.762963,426,0,3159919,7668
2025-06-22T16:28:35.185819,425,0,3159919,7650
2025-06-22T16:28:36.608857,424,0,3159919,7632
2025-06-22T16:28:38.031707,422,0,3159919,7596
2025-06-22T16:28:39.454700,425,0,3159919,7650
2025-06-22T16:28:40.877518,424,0,3159919,7632
2025-06-22T16:28:42.300436,424,0,3159919,7632
2025-06-22T16:28:43.723369,423,0,3159919,7614
2025-06-22T16:28:45.146379,425,0,3159919,7650
2025-06-22T16:28:46.569328,422,0,3159919,7596
2025-06-22T16:28:47.992165,425,0,3159919,7650
2025-06-22T16:28:49.415063,422,0,3159919,7596
2025-06-22T16:28:50.837862,425,0,3159919,7650
2025-06-22T16:28:52.260990,422,0,3159919,7596
2025-06-22T16:28:53.683764,425,0,3159919,7650
2025-06-22T16:28:55.106795,421,0,3159919,7578
2025-06-22T16:28:56.529672,424,0,3159919,7632
2025-06-22T16:28:57.952772,421,0,3159919,7578
2025-06-22T16:28:59.375424,423,0,3159919,7614
2025-06-22T16:29:00.798464,422,0,3159919,7596
2025-06-22T16:29:02.221353,425,0,3159919,7650
2025-06-22T16:29:03.644278,422,0,3159919,7596
2025-06-22T16:29:05.067163,424,0,3159919,7632
2025-06-22T16:29:06.490083,424,0,3159919,7632
2025-06-22T16:29:07.913171,425,0,3159919,7650
2025-06-22T16:29:09.335960,422,0,3159919,7596
2025-06-22T16:29:10.758937,422,0,3159919,7596
2025-06-22T16:29:12.181801,425,0,3159919,7650
2025-06-22T16:29:13.604849,422,0,3159919,7596
2025-06-22T16:29:15.027689,423,0,3159919,7614
2025-06-22T16:29:16.450608,423,0,3159919,7614
2025-06-22T16:29:17.873395,422,0,3159919,7596
2025-06-22T16:29:19.296450,425,0,3159919,7650
2025-06-22T16:29:20.719176,424,0,3159919,7632
2025-06-22T16:29:22.142210,423,0,3159919,7614
2025-06-22T16:29:23.565223,422,0,3159919,7596
2025-06-22T16:29:24.988184,423,0,3159919,7614
2025-06-22T16:29:26.410936,422,0,3159919,7596
2025-06-22T16:29:27.833963,426,0,3159919,7668
2025-06-22T16:29:29.256927,423,0,3159919,7614
2025-06-22T16:29:30.679829,425,0,3159919,7650
2025-06-22T16:29:32.102775,424,0,3159919,7632
2025-06-22T16:29:33.525591,423,0,3159919,7614
2025-06-22T16:29:34.948535,421,0,3159919,7578
2025-06-22T16:29:36.371559,423,0,3159919,7614
2025-06-22T16:29:37.794486,422,0,3159919,7596
2025-06-22T16:29:39.217326,422,0,3159919,7596
2025-06-22T16:29:40.640271,424,0,3159919,7632
2025-06-22T16:29:42.063156,423,0,3159919,7614
2025-06-22T16:29:43.486102,424,0,3159919,7632
2025-06-22T16:29:44.909093,427,0,3159919,7686
2025-06-22T16:29:46.331975,425,0,3159919,7650
2025-06-22T16:29:47.754793,425,0,3159919,7650
2025-06-22T16:29:49.177720,423,0,3159919,7614
2025-06-22T16:29:50.600619,428,0,3159919,7704
2025-06-22T16:29:52.023517,427,0,3159919,7686
2025-06-22T16:29:53.446570,428,0,3159919,7704
2025-06-22T16:29:54.869368,423,0,3159919,7614
2025-06-22T16:29:56.292419,425,0,3159919,7650
2025-06-22T16:29:57.715232,426,0,3159919,7668
2025-06-22T16:29:59.138268,428,0,3159919,7704
2025-06-22T16:30:00.561074,426,0,3159919,7668
2025-06-22T16:30:01.984150,428,0,3159919,7704
2025-06-22T16:30:03.407107,428,0,3159919,7704
2025-06-22T16:30:04.830001,429,0,3159919,7722
2025-06-22T16:30:06.252903,423,0,3159919,7614
2025-06-22T16:30:07.675800,425,0,3159919,7650
2025-06-22T16:30:09.098697,424,0,3159919,7632
2025-06-22T16:30:10.521624,428,0,3159919,7704
2025-06-22T16:30:11.944513,428,0,3159919,7704
2025-06-22T16:30:13.367442,430,0,3159919,7740
2025-06-22T16:30:14.790389,428,0,3159919,7704
2025-06-22T16:30:16.213311,426,0,3159919,7668
2025-06-22T16:30:17.636224,426,0,3159919,7668
2025-06-22T16:30:19.059222,428,0,3159919,7704
2025-06-22T16:30:20.482721,426,0,3159919,7668
2025-06-22T16:30:21.905047,428,0,3159919,7704
2025-06-22T16:30:23.327930,425,0,3159919,7650
2025-06-22T16:30:24.750852,430,0,3159919,7740
2025-06-22T16:30:26.173671,426,0,3159919,7668
2025-06-22T16:30:27.596715,424,0,3159919,7632
2025-06-22T16:30:29.019623,427,0,3159919,7686
2025-06-22T16:30:30.442633,428,0,3159919,7704
2025-06-22T16:30:31.865273,428,0,3159919,7704
2025-06-22T16:30:33.288387,425,0,3159919,7650
2025-06-22T16:30:34.711246,428,0,3159919,7704
2025-06-22T16:30:36.134319,428,0,3159919,7704
2025-06-22T16:30:37.557126,428,0,3159919,7704
2025-06-22T16:30:38.980051,428,0,3159919,7704
2025-06-22T16:30:40.403057,423,0,3159919,7614
2025-06-22T16:30:41.825854,426,0,3159919,7668
2025-06-22T16:30:43.248924,424,0,3159919,7632
2025-06-22T16:30:44.671727,425,0,3159919,7650
2025-06-22T16:30:46.094621,425,0,3159919,7650
2025-06-22T16:30:47.517487,424,0,3159919,7632
2025-06-22T16:30:48.940394,426,0,3159919,7668
2025-06-22T16:30:50.363354,426,0,3159919,7668
2025-06-22T16:30:51.786248,422,0,3159919,7596
2025-06-22T16:30:53.209353,424,0,3159919,7632
2025-06-22T16:30:54.632099,424,0,3159919,7632
2025-06-22T16:30:56.055087,427,0,3159919,7686
2025-06-22T16:30:57.477936,424,0,3159919,7632
2025-06-22T16:30:58.901011,423,0,3159919,7614
2025-06-22T16:31:00.323875,423,0,3159919,7614
2025-06-22T16:31:01.746699,427,0,3159919,7686
2025-06-22T16:31:03.169544,423,0,3159919,7614
2025-06-22T16:31:04.592684,426,0,3159919,7668
2025-06-22T16:31:06.015555,424,0,3159919,7632
2025-06-22T16:31:07.438459,424,0,3159919,7632
2025-06-22T16:31:08.861387,425,0,3159919,7650
2025-06-22T16:31:10.284359,425,0,3159919,7650
2025-06-22T16:31:11.707223,422,0,3159919,7596
2025-06-22T16:31:13.130182,426,0,3159919,7668
2025-06-22T16:31:14.553154,423,0,3159919,7614
2025-06-22T16:31:15.976027,428,0,3159919,7704
2025-06-22T16:31:17.398964,424,0,3159919,7632
2025-06-22T16:31:18.821828,426,0,3159919,7668
2025-06-22T16:31:20.244884,424,0,3159919,7632
2025-06-22T16:31:21.667699,425,0,3159919,7650
2025-06-22T16:31:23.090533,424,0,3159919,7632
2025-06-22T16:31:24.513386,425,0,3159919,7650
2025-06-22T16:31:25.936456,424,0,3159919,7632
2025-06-22T16:31:27.359471,425,0,3159919,7650
2025-06-22T16:31:28.782352,425,0,3159919,7650
2025-06-22T16:31:30.205155,426,0,3159919,7668
2025-06-22T16:31:31.628133,423,0,3159919,7614
2025-06-22T16:31:33.050944,424,0,3159919,7632
2025-06-22T16:31:34.473938,424,0,3159919,7632
2025-06-22T16:31:35.896857,426,0,3159919,7668
2025-06-22T16:31:37.319858,424,0,3159919,7632
2025-06-22T16:31:38.742795,422,0,3159919,7596
2025-06-22T16:31:40.165673,424,0,3159919,7632
2025-06-22T16:31:41.588666,425,0,3159919,7650
2025-06-22T16:31:43.011515,425,0,3159919,7650
2025-06-22T16:31:44.434414,423,0,3159919,7614
2025-06-22T16:31:45.857325,424,0,3159919,7632
2025-06-22T16:31:47.280271,423,0,3159919,7614
2025-06-22T16:31:48.703128,421,0,3159919,7578
2025-06-22T16:31:50.126145,425,0,3159919,7650
2025-06-22T16:31:51.549046,424,0,3159919,7632
2025-06-22T16:31:52.971923,425,0,3159919,7650
2025-06-22T16:31:54.394892,426,0,3159919,7668
2025-06-22T16:31:55.817793,425,0,3159919,7650
2025-06-22T16:31:57.240789,424,0,3159919,7632
2025-06-22T16:31:58.668151,426,0,3159919,7668
2025-06-22T16:32:00.086598,425,0,3159919,7650
2025-06-22T16:32:01.509434,424,0,3159919,7632
2025-06-22T16:32:02.932450,426,0,3159919,7668
2025-06-22T16:32:04.355332,425,0,3159919,7650
2025-06-22T16:32:05.778229,424,0,3159919,7632
2025-06-22T16:32:07.201158,424,0,3159919,7632
2025-06-22T16:32:08.624112,423,0,3159919,7614
2025-06-22T16:32:10.046981,425,0,3159919,7650
2025-06-22T16:32:11.469925,424,0,3159919,7632
2025-06-22T16:32:12.893075,425,0,3159919,7650
2025-06-22T16:32:14.315712,423,0,3159919,7614
2025-06-22T16:32:15.738764,422,0,3159919,7596
2025-06-22T16:32:17.161631,424,0,3159919,7632
2025-06-22T16:32:18.584428,424,0,3159919,7632
2025-06-22T16:32:20.007396,423,0,3159919,7614
2025-06-22T16:32:21.430383,424,0,3159919,7632
2025-06-22T16:32:22.853268,422,0,3159919,7596
2025-06-22T16:32:24.276182,425,0,3159919,7650
2025-06-22T16:32:25.699235,423,0,3159919,7614
2025-06-22T16:32:27.122037,423,0,3159919,7614
2025-06-22T16:32:28.544851,424,0,3159919,7632
2025-06-22T16:32:29.967902,425,0,3159919,7650
2025-06-22T16:32:31.390850,424,0,3159919,7632
2025-06-22T16:32:32.813598,425,0,3159919,7650
2025-06-22T16:32:34.236759,425,0,3159919,7650
2025-06-22T16:32:35.659561,424,0,3159919,7632
2025-06-22T16:32:37.082474,423,0,3159919,7614
2025-06-22T16:32:38.505273,426,0,3159919,7668
2025-06-22T16:32:39.928389,421,0,3159919,7578
2025-06-22T16:32:41.351226,424,0,3159919,7632
2025-06-22T16:32:42.774504,421,0,3159919,7578
2025-06-22T16:32:44.197079,427,0,3159919,7686
2025-06-22T16:32:45.620060,423,0,3159919,7614
2025-06-22T16:32:47.043015,426,0,3159919,7668
2025-06-22T16:32:48.465916,424,0,3159919,7632
2025-06-22T16:32:49.888877,425,0,3159919,7650
2025-06-22T16:32:51.311801,425,0,3159919,7650
2025-06-22T16:32:52.734700,424,0,3159919,7632
2025-06-22T16:32:54.157535,424,0,3159919,7632
2025-06-22T16:32:55.580508,425,0,3159919,7650
2025-06-22T16:32:57.003296,422,0,3159919,7596
2025-06-22T16:32:58.426407,426,0,3159919,7668
2025-06-22T16:32:59.849326,424,0,3159919,7632
2025-06-22T16:33:01.272188,423,0,3159919,7614
2025-06-22T16:33:02.695012,424,0,3159919,7632
2025-06-22T16:33:04.117910,427,0,3159919,7686
2025-06-22T16:33:05.540891,424,0,3159919,7632
2025-06-22T16:33:06.963751,426,0,3159919,7668
2025-06-22T16:33:08.386864,424,0,3159919,7632
2025-06-22T16:33:09.809689,426,0,3159919,7668
2025-06-22T16:33:11.232636,422,0,3159919,7596
2025-06-22T16:33:12.655561,423,0,3159919,7614
2025-06-22T16:33:14.078485,422,0,3159919,7596
2025-06-22T16:33:15.501340,424,0,3159919,7632
2025-06-22T16:33:16.924242,425,0,3159919,7650
2025-06-22T16:33:18.347227,424,0,3159919,7632
2025-06-22T16:33:19.770200,422,0,3159919,7596
2025-06-22T16:33:21.193157,424,0,3159919,7632
2025-06-22T16:33:22.616026,422,0,3159919,7596
2025-06-22T16:33:24.039000,426,0,3159919,7668
2025-06-22T16:33:28.604635,426,0,0,7668
2025-06-22T16:33:30.019288,422,0,0,7596
2025-06-22T16:33:31.434462,421,0,0,7578
2025-06-22T16:33:32.849094,424,0,0,7632
2025-06-22T16:33:34.263928,425,0,0,7650
2025-06-22T16:33:36.043596,422,0,0,7596
2025-06-22T16:33:37.458396,423,0,0,7614
2025-06-22T16:33:38.873332,425,0,0,7650
2025-06-22T16:33:40.288134,427,0,0,7686
2025-06-22T16:33:41.703109,423,0,0,7614
2025-06-22T16:33:43.117877,424,0,0,7632
2025-06-22T16:33:44.532760,425,0,0,7650
2025-06-22T16:33:45.947548,423,0,0,7614
2025-06-22T16:33:47.362508,423,0,0,7614
2025-06-22T16:33:48.777198,424,0,0,7632
2025-06-22T16:33:50.192268,424,0,0,7632
2025-06-22T16:33:51.607063,427,0,0,7686
2025-06-22T16:33:53.021913,426,0,0,7668
2025-06-22T16:33:54.436743,426,0,0,7668
2025-06-22T16:33:55.851661,424,0,0,7632
2025-06-22T16:33:57.266442,425,0,0,7650
2025-06-22T16:33:58.681374,424,0,0,7632
2025-06-22T16:34:00.096174,425,0,0,7650
2025-06-22T16:34:01.510979,423,0,0,7614
2025-06-22T16:34:02.925932,427,0,0,7686
2025-06-22T16:34:04.340746,423,0,0,7614
2025-06-22T16:34:05.755677,426,0,0,7668
2025-06-22T16:34:07.170420,422,0,0,7596
2025-06-22T16:34:08.585360,425,0,0,7650
2025-06-22T16:34:10.000202,421,0,0,7578
2025-06-22T16:34:11.415110,425,0,0,7650
2025-06-22T16:34:12.829924,425,0,0,7650
2025-06-22T16:34:14.244802,424,0,0,7632
2025-06-22T16:34:15.659648,422,0,0,7596
2025-06-22T16:34:17.074395,426,0,0,7668
2025-06-22T16:34:18.489341,422,0,0,7596
2025-06-22T16:34:19.904222,425,0,0,7650
2025-06-22T16:34:21.319092,427,0,0,7686
2025-06-22T16:34:22.733953,426,0,0,7668
2025-06-22T16:34:24.148815,425,0,0,7650
2025-06-22T16:34:25.563644,424,0,0,7632
2025-06-22T16:34:26.978492,423,0,0,7614
2025-06-22T16:34:28.393363,426,0,0,7668
2025-06-22T16:34:29.808221,426,0,0,7668
2025-06-22T16:34:31.223170,425,0,0,7650
2025-06-22T16:34:32.638167,424,0,0,7632
2025-06-22T16:34:34.052889,425,0,0,7650
2025-06-22T16:34:35.467705,424,0,0,7632
2025-06-22T16:34:36.886879,425,0,0,7650
2025-06-22T16:34:38.297204,423,0,0,7614
2025-06-22T16:34:39.712108,426,0,0,7668
2025-06-22T16:34:41.127073,424,0,0,7632
2025-06-22T16:34:42.542154,423,0,0,7614
2025-06-22T16:34:43.956798,425,0,0,7650
2025-06-22T16:34:45.371632,423,0,0,7614
2025-06-22T16:34:46.786562,423,0,0,7614
2025-06-22T16:34:48.201344,426,0,0,7668
2025-06-22T16:34:49.616266,423,0,0,7614
2025-06-22T16:34:51.031030,424,0,0,7632
2025-06-22T16:34:52.445901,424,0,0,7632
2025-06-22T16:34:53.860848,425,0,0,7650
2025-06-22T16:34:55.275702,426,0,0,7668
2025-06-22T16:34:56.690564,426,0,0,7668
2025-06-22T16:34:58.105313,420,0,0,7560
2025-06-22T16:34:59.520220,425,0,0,7650
2025-06-22T16:35:00.935103,426,0,0,7668
2025-06-22T16:35:02.349921,424,0,0,7632
2025-06-22T16:35:03.764716,422,0,0,7596
2025-06-22T16:35:05.179692,425,0,0,7650
2025-06-22T16:35:06.594466,422,0,0,7596
2025-06-22T16:35:08.009346,426,0,0,7668
2025-06-22T16:35:09.424224,423,0,0,7614
2025-06-22T16:35:10.839187,427,0,0,7686
2025-06-22T16:35:12.253887,425,0,0,7650
2025-06-22T16:35:13.668958,425,0,0,7650
2025-06-22T16:35:15.083589,422,0,0,7596
2025-06-22T16:35:16.498538,423,0,0,7614
2025-06-22T16:35:17.913349,424,0,0,7632
2025-06-22T16:35:19.328231,425,0,0,7650
2025-06-22T16:35:20.743187,425,0,0,7650
2025-06-22T16:35:22.157947,424,0,0,7632
2025-06-22T16:35:23.572798,425,0,0,7650
2025-06-22T16:35:24.987664,426,0,0,7668
2025-06-22T16:35:26.402538,425,0,0,7650
2025-06-22T16:35:27.817513,425,0,0,7650
2025-06-22T16:35:29.232165,425,0,0,7650
2025-06-22T16:35:30.647120,425,0,0,7650
2025-06-22T16:35:32.062017,426,0,0,7668
2025-06-22T16:35:33.483834,426,0,0,7668
2025-06-22T16:35:34.891609,425,0,0,7650
2025-06-22T16:35:36.306493,427,0,0,7686
2025-06-22T16:35:37.721351,423,0,0,7614
2025-06-22T16:35:39.136327,425,0,0,7650
2025-06-22T16:35:40.551262,423,0,0,7614
2025-06-22T16:35:41.965831,423,0,0,7614
2025-06-22T16:35:43.380719,422,0,0,7596
2025-06-22T16:35:44.795582,426,0,0,7668
2025-06-22T16:35:46.210717,423,0,0,7614
2025-06-22T16:35:47.625274,423,0,0,7614
2025-06-22T16:35:49.040100,424,0,0,7632
2025-06-22T16:35:50.455020,423,0,0,7614
2025-06-22T16:35:51.869891,423,0,0,7614
2025-06-22T16:35:53.284919,424,0,0,7632
2025-06-22T16:35:54.699824,424,0,0,7632
2025-06-22T16:35:56.114616,426,0,0,7668
2025-06-22T16:35:57.529255,425,0,0,7650
2025-06-22T16:35:58.944220,426,0,0,7668
2025-06-22T16:36:00.359124,425,0,0,7650
2025-06-22T16:36:01.773924,424,0,0,7632
2025-06-22T16:36:03.188727,424,0,0,7632
2025-06-22T16:36:04.603543,424,0,0,7632
2025-06-22T16:36:06.018372,423,0,0,7614
2025-06-22T16:36:07.433382,426,0,0,7668
2025-06-22T16:36:08.848140,424,0,0,7632
2025-06-22T16:36:10.263075,423,0,0,7614
2025-06-22T16:36:11.677945,423,0,0,7614
2025-06-22T16:36:13.092714,426,0,0,7668
2025-06-22T16:36:14.507524,423,0,0,7614
2025-06-22T16:36:15.922352,423,0,0,7614
2025-06-22T16:36:17.337236,423,0,0,7614
2025-06-22T16:36:18.752053,425,0,0,7650
2025-06-22T16:36:20.166948,423,0,0,7614
2025-06-22T16:36:21.581830,423,0,0,7614
2025-06-22T16:36:22.996746,422,0,0,7596
2025-06-22T16:36:24.411642,425,0,0,7650
2025-06-22T16:36:25.826328,422,0,0,7596
2025-06-22T16:36:27.241176,426,0,0,7668
2025-06-22T16:36:28.655987,424,0,0,7632
2025-06-22T16:36:30.070867,425,0,0,7650
2025-06-22T16:36:31.485707,423,0,0,7614
2025-06-22T16:36:32.900640,424,0,0,7632
2025-06-22T16:36:34.315815,423,0,0,7614
2025-06-22T16:36:35.730433,426,0,0,7668
2025-06-22T16:36:37.145137,423,0,0,7614
2025-06-22T16:36:38.560081,425,0,0,7650
2025-06-22T16:36:39.975015,425,0,0,7650
2025-06-22T16:36:41.389788,425,0,0,7650
2025-06-22T16:36:42.804594,423,0,0,7614
2025-06-22T16:36:44.219545,426,0,0,7668
2025-06-22T16:36:45.634422,423,0,0,7614
2025-06-22T16:36:47.049067,428,0,0,7704
2025-06-22T16:36:48.464154,422,0,0,7596
2025-06-22T16:36:49.878822,425,0,0,7650
2025-06-22T16:36:51.293729,422,0,0,7596
2025-06-22T16:36:52.708588,426,0,0,7668
2025-06-22T16:36:54.123493,424,0,0,7632
2025-06-22T16:36:55.538199,423,0,0,7614
2025-06-22T16:36:56.953364,423,0,0,7614
2025-06-22T16:36:58.368038,425,0,0,7650
2025-06-22T16:36:59.782929,422,0,0,7596
2025-06-22T16:37:01.197736,424,0,0,7632
2025-06-22T16:37:02.612591,423,0,0,7614
2025-06-22T16:37:04.027493,425,0,0,7650
2025-06-22T16:37:05.442216,424,0,0,7632
2025-06-22T16:37:06.857143,426,0,0,7668
2025-06-22T16:37:08.272072,425,0,0,7650
2025-06-22T16:37:09.686905,426,0,0,7668
2025-06-22T16:37:11.101758,425,0,0,7650
2025-06-22T16:37:12.516626,426,0,0,7668
2025-06-22T16:37:13.931474,422,0,0,7596
2025-06-22T16:37:15.346312,427,0,0,7686
2025-06-22T16:37:16.761143,424,0,0,7632
2025-06-22T16:37:18.176017,425,0,0,7650
2025-06-22T16:37:19.590875,424,0,0,7632
2025-06-22T16:37:21.005692,425,0,0,7650
2025-06-22T16:37:22.420603,424,0,0,7632
2025-06-22T16:37:23.835398,423,0,0,7614
2025-06-22T16:37:25.250352,424,0,0,7632
2025-06-22T16:37:26.624420,422,0,0,7596
2025-06-22T16:37:28.039320,425,0,0,7650
2025-06-22T16:37:29.454106,425,0,0,7650
2025-06-22T16:37:30.868986,424,0,0,7632
2025-06-22T16:37:32.283909,424,0,0,7632
2025-06-22T16:37:33.698752,426,0,0,7668
2025-06-22T16:37:35.113504,422,0,0,7596
2025-06-22T16:37:36.528470,428,0,0,7704
2025-06-22T16:37:37.943316,424,0,0,7632
2025-06-22T16:37:39.358197,422,0,0,7596
2025-06-22T16:37:40.773002,422,0,0,7596
2025-06-22T16:37:42.187766,422,0,0,7596
2025-06-22T16:37:43.603088,421,0,0,7578
2025-06-22T16:37:45.017608,425,0,0,7650
2025-06-22T16:37:46.432694,422,0,0,7596
2025-06-22T16:37:47.847311,424,0,0,7632
2025-06-22T16:37:49.261987,422,0,0,7596
2025-06-22T16:37:50.676994,422,0,0,7596
2025-06-22T16:37:52.091742,425,0,0,7650
2025-06-22T16:37:53.506640,425,0,0,7650
2025-06-22T16:37:54.921578,423,0,0,7614
2025-06-22T16:37:56.336673,423,0,0,7614
2025-06-22T16:37:57.751157,423,0,0,7614
2025-06-22T16:37:59.166170,422,0,0,7596
2025-06-22T16:38:00.581007,424,0,0,7632
2025-06-22T16:38:01.995818,426,0,0,7668
2025-06-22T16:38:03.410581,422,0,0,7596
2025-06-22T16:38:04.825535,423,0,0,7614
2025-06-22T16:38:06.240326,425,0,0,7650
2025-06-22T16:38:07.655102,424,0,0,7632
2025-06-22T16:38:09.070085,422,0,0,7596
2025-06-22T16:38:10.485007,423,0,0,7614
2025-06-22T16:38:11.899748,423,0,0,7614
2025-06-22T16:38:13.314703,423,0,0,7614
2025-06-22T16:38:14.729562,421,0,0,7578
2025-06-22T16:38:16.144395,425,0,0,7650
2025-06-22T16:38:17.559279,422,0,0,7596
2025-06-22T16:38:18.973517,425,0,0,7650
2025-06-22T16:38:20.387293,424,0,0,7632
2025-06-22T16:38:21.801076,426,0,0,7668
2025-06-22T16:38:23.215001,423,0,0,7614
2025-06-22T16:38:24.629022,425,0,0,7650
2025-06-22T16:38:26.043063,421,0,0,7578
2025-06-22T16:38:27.457098,427,0,0,7686
2025-06-22T16:38:28.871364,425,0,0,7650
2025-06-22T16:38:30.285655,424,0,0,7632
2025-06-22T16:38:31.700043,423,0,0,7614
2025-06-22T16:38:33.114208,427,0,0,7686
2025-06-22T16:38:34.528736,423,0,0,7614
2025-06-22T16:38:35.943125,423,0,0,7614
2025-06-22T16:38:37.357715,421,0,0,7578
2025-06-22T16:38:38.772202,425,0,0,7650
2025-06-22T16:38:40.186766,423,0,0,7614
2025-06-22T16:38:41.601309,424,0,0,7632
2025-06-22T16:38:43.015913,423,0,0,7614
2025-06-22T16:38:44.430542,426,0,0,7668
2025-06-22T16:38:45.845162,422,0,0,7596
2025-06-22T16:38:47.259738,423,0,0,7614
2025-06-22T16:38:48.674401,420,0,0,7560
2025-06-22T16:38:50.089211,421,0,0,7578
2025-06-22T16:38:51.503956,425,0,0,7650
2025-06-22T16:38:52.918645,423,0,0,7614
2025-06-22T16:38:54.333182,425,0,0,7650
2025-06-22T16:38:55.747953,423,0,0,7614
2025-06-22T16:38:57.162759,420,0,0,7560
2025-06-22T16:38:58.577710,424,0,0,7632
2025-06-22T16:38:59.992413,423,0,0,7614
2025-06-22T16:39:01.407049,425,0,0,7650
2025-06-22T16:39:02.826163,421,0,0,7578
2025-06-22T16:39:04.236637,423,0,0,7614
2025-06-22T16:39:05.651488,422,0,0,7596
2025-06-22T16:39:07.066331,421,0,0,7578
2025-06-22T16:39:08.481115,423,0,0,7614
2025-06-22T16:39:09.895909,422,0,0,7596
2025-06-22T16:39:11.310682,423,0,0,7614
2025-06-22T16:39:12.725461,425,0,0,7650
2025-06-22T16:39:14.140273,421,0,0,7578
2025-06-22T16:39:15.555122,425,0,0,7650
2025-06-22T16:39:16.969921,422,0,0,7596
2025-06-22T16:39:18.384913,423,0,0,7614
2025-06-22T16:39:19.799579,421,0,0,7578
2025-06-22T16:39:21.214457,423,0,0,7614
2025-06-22T16:39:22.629321,423,0,0,7614
2025-06-22T16:39:24.044168,426,0,0,7668
2025-06-22T16:39:25.459115,422,0,0,7596
2025-06-22T16:39:26.873795,425,0,0,7650
2025-06-22T16:39:28.288730,424,0,0,7632
2025-06-22T16:39:29.703533,425,0,0,7650
2025-06-22T16:39:31.118384,424,0,0,7632
2025-06-22T16:39:32.533186,424,0,0,7632
2025-06-22T16:39:33.947888,423,0,0,7614
2025-06-22T16:39:35.362872,424,0,0,7632
2025-06-22T16:39:36.777710,422,0,0,7596
2025-06-22T16:39:38.192478,423,0,0,7614
2025-06-22T16:39:39.607437,420,0,0,7560
2025-06-22T16:39:41.022324,424,0,0,7632
2025-06-22T16:39:42.437106,424,0,0,7632
2025-06-22T16:39:43.851996,424,0,0,7632
2025-06-22T16:39:45.266756,421,0,0,7578
2025-06-22T16:39:46.681681,424,0,0,7632
2025-06-22T16:39:48.096483,423,0,0,7614
2025-06-22T16:39:49.511254,422,0,0,7596
2025-06-22T16:39:50.926221,424,0,0,7632
2025-06-22T16:39:52.341133,424,0,0,7632
2025-06-22T16:39:53.755960,423,0,0,7614
2025-06-22T16:39:55.170721,425,0,0,7650
2025-06-22T16:39:56.585722,421,0,0,7578
2025-06-22T16:39:58.000471,424,0,0,7632
2025-06-22T16:39:59.415355,421,0,0,7578
2025-06-22T16:40:00.830088,426,0,0,7668
2025-06-22T16:40:02.244968,423,0,0,7614
2025-06-22T16:40:03.659739,426,0,0,7668
2025-06-22T16:40:05.074776,425,0,0,7650
2025-06-22T16:40:06.489625,424,0,0,7632
2025-06-22T16:40:07.904430,422,0,0,7596
2025-06-22T16:40:09.319257,426,0,0,7668
2025-06-22T16:40:10.734142,421,0,0,7578
2025-06-22T16:40:12.148997,421,0,0,7578
2025-06-22T16:40:13.563760,422,0,0,7596
2025-06-22T16:40:16.907272,422,0,0,7596
2025-06-22T16:40:20.790701,424,0,0,7632
2025-06-22T16:40:22.209457,425,0,0,7650
2025-06-22T16:40:23.624512,423,0,0,7614
2025-06-22T16:40:25.043390,420,0,0,7560
2025-06-22T16:40:26.462243,423,0,0,7614
2025-06-22T16:40:27.881023,422,0,0,7596
2025-06-22T16:40:29.295962,421,0,0,7578
2025-06-22T16:40:30.714853,424,0,0,7632
2025-06-22T16:40:32.133625,422,0,0,7596
2025-06-22T16:40:33.552511,425,0,0,7650
2025-06-22T16:40:34.967497,423,0,0,7614
2025-06-22T16:40:36.386406,424,0,0,7632
2025-06-22T16:40:37.805203,424,0,0,7632
2025-06-22T16:40:39.219963,422,0,0,7596
2025-06-22T16:40:40.634908,421,0,0,7578
2025-06-22T16:40:42.053898,421,0,0,7578
2025-06-22T16:40:43.472748,422,0,0,7596
2025-06-22T16:40:44.887508,423,0,0,7614
2025-06-22T16:40:46.302547,422,0,0,7596
2025-06-22T16:40:47.721623,424,0,0,7632
2025-06-22T16:40:49.140172,422,0,0,7596
2025-06-22T16:40:50.559104,423,0,0,7614
2025-06-22T16:40:51.973944,421,0,0,7578
2025-06-22T16:40:53.392902,426,0,0,7668
2025-06-22T16:40:54.811877,421,0,0,7578
2025-06-22T16:40:56.226565,424,0,0,7632
2025-06-22T16:40:57.641463,425,0,0,7650
2025-06-22T16:40:59.060280,424,0,0,7632
2025-06-22T16:41:00.479170,423,0,0,7614
2025-06-22T16:41:01.894119,424,0,0,7632
2025-06-22T16:41:03.308971,426,0,0,7668
2025-06-22T16:41:04.727683,422,0,0,7596
2025-06-22T16:41:06.146667,422,0,0,7596
2025-06-22T16:41:07.561475,425,0,0,7650
2025-06-22T16:41:08.976279,422,0,0,7596
2025-06-22T16:41:10.395268,422,0,0,7596
2025-06-22T16:41:11.813975,423,0,0,7614
2025-06-22T16:41:13.233027,425,0,0,7650
2025-06-22T16:41:14.647925,426,0,0,7668
2025-06-22T16:41:16.066689,423,0,0,7614
2025-06-22T16:41:17.485602,425,0,0,7650
2025-06-22T16:41:18.900281,424,0,0,7632
2025-06-22T16:41:20.315289,420,0,0,7560
2025-06-22T16:41:21.734249,425,0,0,7650
2025-06-22T16:41:23.153114,420,0,0,7560
2025-06-22T16:41:24.567889,422,0,0,7596
2025-06-22T16:41:25.982793,423,0,0,7614
2025-06-22T16:41:27.401680,424,0,0,7632
2025-06-22T16:41:28.820764,421,0,0,7578
2025-06-22T16:41:30.235529,423,0,0,7614
2025-06-22T16:41:31.650278,420,0,0,7560
2025-06-22T16:41:33.069176,421,0,0,7578
2025-06-22T16:41:34.488005,421,0,0,7578
2025-06-22T16:41:35.907007,422,0,0,7596
2025-06-22T16:41:37.321787,423,0,0,7614
2025-06-22T16:41:38.740847,422,0,0,7596
2025-06-22T16:41:40.159752,421,0,0,7578
2025-06-22T16:41:41.574431,424,0,0,7632
2025-06-22T16:41:42.991884,423,0,0,7614
2025-06-22T16:41:44.408267,424,0,0,7632
2025-06-22T16:41:45.827103,424,0,0,7632
2025-06-22T16:41:47.241873,424,0,0,7632
2025-06-22T16:41:48.656612,423,0,0,7614
2025-06-22T16:41:50.075724,420,0,0,7560
2025-06-22T16:41:51.494727,423,0,0,7614
2025-06-22T16:41:52.909460,426,0,0,7668
2025-06-22T16:41:54.324262,424,0,0,7632
2025-06-22T16:41:55.743131,422,0,0,7596
2025-06-22T16:41:57.162025,424,0,0,7632
2025-06-22T16:41:58.580994,424,0,0,7632
2025-06-22T16:41:59.998083,423,0,0,7614
2025-06-22T16:42:01.414733,423,0,0,7614
2025-06-22T16:42:02.833547,424,0,0,7632
2025-06-22T16:42:04.248256,423,0,0,7614
2025-06-22T16:42:05.663158,422,0,0,7596
2025-06-22T16:42:07.082024,424,0,0,7632
2025-06-22T16:42:08.500919,421,0,0,7578
2025-06-22T16:42:09.915757,422,0,0,7596
2025-06-22T16:42:11.339882,423,0,0,7614
2025-06-22T16:42:12.749793,426,0,0,7668
2025-06-22T16:42:14.168351,423,0,0,7614
2025-06-22T16:42:15.583238,424,0,0,7632
2025-06-22T16:42:16.998042,422,0,0,7596
2025-06-22T16:42:18.416956,425,0,0,7650
2025-06-22T16:42:19.835903,420,0,0,7560
2025-06-22T16:42:21.254968,423,0,0,7614
2025-06-22T16:42:22.669729,421,0,0,7578
2025-06-22T16:42:24.088534,423,0,0,7614
2025-06-22T16:42:25.507342,422,0,0,7596
2025-06-22T16:42:26.922223,423,0,0,7614
2025-06-22T16:42:28.337072,424,0,0,7632
2025-06-22T16:42:29.756113,424,0,0,7632
2025-06-22T16:42:31.175012,420,0,0,7560
2025-06-22T16:42:32.589870,424,0,0,7632
2025-06-22T16:42:34.004712,421,0,0,7578
2025-06-22T16:42:35.423677,423,0,0,7614
2025-06-22T16:42:36.842466,423,0,0,7614
2025-06-22T16:42:38.257285,424,0,0,7632
2025-06-22T16:42:39.672072,422,0,0,7596
2025-06-22T16:42:41.091074,424,0,0,7632
2025-06-22T16:42:42.509907,421,0,0,7578
2025-06-22T16:42:43.928996,424,0,0,7632
2025-06-22T16:42:45.343639,424,0,0,7632
2025-06-22T16:42:46.762616,426,0,0,7668
2025-06-22T16:42:48.181355,422,0,0,7596
2025-06-22T16:42:49.596494,421,0,0,7578
2025-06-22T16:42:51.010996,422,0,0,7596
2025-06-22T16:42:52.429983,423,0,0,7614
2025-06-22T16:42:53.848910,421,0,0,7578
2025-06-22T16:42:55.263703,422,0,0,7596
2025-06-22T16:42:56.678650,421,0,0,7578
2025-06-22T16:42:58.097621,426,0,0,7668
2025-06-22T16:42:59.516472,422,0,0,7596
2025-06-22T16:43:00.931217,422,0,0,7596
2025-06-22T16:43:02.345993,419,0,0,7542
2025-06-22T16:43:03.765216,426,0,0,7668
2025-06-22T16:43:05.183852,423,0,0,7614
2025-06-22T16:43:06.602851,424,0,0,7632
2025-06-22T16:43:08.017531,420,0,0,7560
2025-06-22T16:43:09.436351,425,0,0,7650
2025-06-22T16:43:10.855287,422,0,0,7596
2025-06-22T16:43:12.270417,425,0,0,7650
2025-06-22T16:43:13.684998,423,0,0,7614
2025-06-22T16:43:15.103896,426,0,0,7668
2025-06-22T16:43:16.522815,423,0,0,7614
2025-06-22T16:43:17.937758,425,0,0,7650
2025-06-22T16:43:19.352652,424,0,0,7632
2025-06-22T16:43:20.771546,423,0,0,7614
2025-06-22T16:43:22.190387,422,0,0,7596
2025-06-22T16:43:23.605182,423,0,0,7614
2025-06-22T16:43:25.020003,423,0,0,7614
2025-06-22T16:43:26.438897,423,0,0,7614
2025-06-22T16:43:27.857843,423,0,0,7614
2025-06-22T16:43:29.276699,423,0,0,7614
2025-06-22T16:43:30.691609,422,0,0,7596
2025-06-22T16:43:32.110307,424,0,0,7632
2025-06-22T16:43:33.529330,422,0,0,7596
2025-06-22T16:43:34.944197,423,0,0,7614
2025-06-22T16:43:36.359103,424,0,0,7632
2025-06-22T16:43:37.777949,425,0,0,7650
2025-06-22T16:43:39.197058,422,0,0,7596
2025-06-22T16:43:40.611662,427,0,0,7686
2025-06-22T16:43:42.026538,422,0,0,7596
2025-06-22T16:43:43.445335,422,0,0,7596
2025-06-22T16:43:44.864205,424,0,0,7632
2025-06-22T16:43:46.279316,424,0,0,7632
2025-06-22T16:43:47.694050,421,0,0,7578
2025-06-22T16:43:49.113347,423,0,0,7614
2025-06-22T16:43:50.531840,420,0,0,7560
2025-06-22T16:43:51.950512,426,0,0,7668
2025-06-22T16:43:53.365362,423,0,0,7614
2025-06-22T16:43:54.784385,423,0,0,7614
2025-06-22T16:43:56.203243,422,0,0,7596
2025-06-22T16:43:57.618061,424,0,0,7632
2025-06-22T16:43:59.033078,421,0,0,7578
2025-06-22T16:44:00.451879,425,0,0,7650
2025-06-22T16:44:01.870769,421,0,0,7578
2025-06-22T16:44:03.285526,424,0,0,7632
2025-06-22T16:44:04.700305,422,0,0,7596
2025-06-22T16:44:06.119272,423,0,0,7614
2025-06-22T16:44:07.538316,422,0,0,7596
2025-06-22T16:44:08.952990,424,0,0,7632
2025-06-22T16:44:10.367844,421,0,0,7578
2025-06-22T16:44:11.786864,421,0,0,7578
2025-06-22T16:44:13.205757,425,0,0,7650
2025-06-22T16:44:14.624591,424,0,0,7632
2025-06-22T16:44:16.039358,423,0,0,7614
2025-06-22T16:44:17.458283,423,0,0,7614
2025-06-22T16:44:18.877252,421,0,0,7578
2025-06-22T16:44:20.292117,423,0,0,7614
2025-06-22T16:44:21.706960,425,0,0,7650
2025-06-22T16:44:23.125897,425,0,0,7650
2025-06-22T16:44:24.544659,423,0,0,7614
2025-06-22T16:44:25.959437,423,0,0,7614
2025-06-22T16:44:27.374322,421,0,0,7578
2025-06-22T16:44:28.793318,424,0,0,7632
2025-06-22T16:44:30.212358,422,0,0,7596
2025-06-22T16:44:31.627042,423,0,0,7614
2025-06-22T16:44:33.041923,422,0,0,7596
2025-06-22T16:44:34.460718,424,0,0,7632
2025-06-22T16:44:35.880047,422,0,0,7596
2025-06-22T16:44:37.298439,422,0,0,7596
2025-06-22T16:44:38.713501,424,0,0,7632
2025-06-22T16:44:40.132228,424,0,0,7632
2025-06-22T16:44:41.551261,424,0,0,7632
2025-06-22T16:44:42.966019,426,0,0,7668
2025-06-22T16:44:44.380948,423,0,0,7614
2025-06-22T16:44:45.799884,422,0,0,7596
2025-06-22T16:44:47.218542,421,0,0,7578
2025-06-22T16:44:48.633525,424,0,0,7632
2025-06-22T16:44:50.048372,421,0,0,7578
2025-06-22T16:44:51.467244,424,0,0,7632
2025-06-22T16:44:52.886061,421,0,0,7578
2025-06-22T16:44:54.300931,424,0,0,7632
2025-06-22T16:44:55.715976,422,0,0,7596
2025-06-22T16:44:57.134728,423,0,0,7614
2025-06-22T16:44:58.553606,422,0,0,7596
2025-06-22T16:44:59.972401,420,0,0,7560
2025-06-22T16:45:01.387385,424,0,0,7632
2025-06-22T16:45:02.811743,426,0,0,7668
2025-06-22T16:45:04.225160,420,0,0,7560
2025-06-22T16:45:05.639996,425,0,0,7650
2025-06-22T16:45:07.054930,421,0,0,7578
2025-06-22T16:45:08.474054,424,0,0,7632
2025-06-22T16:45:09.892587,425,0,0,7650
2025-06-22T16:45:11.307377,424,0,0,7632
2025-06-22T16:45:12.722330,421,0,0,7578
2025-06-22T16:45:14.146167,421,0,0,7578
2025-06-22T16:45:15.560160,421,0,0,7578
2025-06-22T16:45:16.975037,427,0,0,7686
2025-06-22T16:45:18.389735,423,0,0,7614
2025-06-22T16:45:19.808683,422,0,0,7596
2025-06-22T16:45:21.227588,422,0,0,7596
2025-06-22T16:45:22.646360,424,0,0,7632
2025-06-22T16:45:24.061190,422,0,0,7596
2025-06-22T16:45:25.480316,426,0,0,7668
2025-06-22T16:45:26.899153,423,0,0,7614
2025-06-22T16:45:28.314194,425,0,0,7650
2025-06-22T16:45:29.728683,422,0,0,7596
2025-06-22T16:45:31.147707,422,0,0,7596
2025-06-22T16:45:32.566537,420,0,0,7560
2025-06-22T16:45:33.981405,423,0,0,7614
2025-06-22T16:45:35.396288,421,0,0,7578
2025-06-22T16:45:36.815220,425,0,0,7650
2025-06-22T16:45:38.234103,420,0,0,7560
2025-06-22T16:45:39.648938,423,0,0,7614
2025-06-22T16:45:41.063755,423,0,0,7614
2025-06-22T16:45:42.482611,424,0,0,7632
2025-06-22T16:45:43.901478,420,0,0,7560
2025-06-22T16:45:45.320437,424,0,0,7632
2025-06-22T16:45:46.735237,420,0,0,7560
2025-06-22T16:45:48.154182,424,0,0,7632
2025-06-22T16:45:49.573177,422,0,0,7596
2025-06-22T16:45:50.987918,424,0,0,7632
2025-06-22T16:45:52.402652,421,0,0,7578
2025-06-22T16:45:53.821662,423,0,0,7614
2025-06-22T16:45:55.240541,421,0,0,7578
2025-06-22T16:45:56.655410,422,0,0,7596
2025-06-22T16:45:58.070141,423,0,0,7614
2025-06-22T16:45:59.489090,422,0,0,7596
2025-06-22T16:46:00.907939,422,0,0,7596
2025-06-22T16:46:02.322811,424,0,0,7632
2025-06-22T16:46:03.737623,422,0,0,7596
2025-06-22T16:46:05.156479,424,0,0,7632
2025-06-22T16:46:06.575433,423,0,0,7614
2025-06-22T16:46:07.994314,425,0,0,7650
2025-06-22T16:46:09.409239,420,0,0,7560
2025-06-22T16:46:10.828150,424,0,0,7632
2025-06-22T16:46:12.247415,421,0,0,7578
2025-06-22T16:46:13.661827,423,0,0,7614
2025-06-22T16:46:15.076577,421,0,0,7578
2025-06-22T16:46:16.495568,422,0,0,7596
2025-06-22T16:46:17.914431,420,0,0,7560
2025-06-22T16:46:19.329274,422,0,0,7596
2025-06-22T16:46:20.744241,420,0,0,7560
2025-06-22T16:46:22.163482,423,0,0,7614
2025-06-22T16:46:23.582004,422,0,0,7596
2025-06-22T16:46:24.996926,425,0,0,7650
2025-06-22T16:46:26.411716,423,0,0,7614
2025-06-22T16:46:27.830418,423,0,0,7614
2025-06-22T16:46:29.249508,422,0,0,7596
2025-06-22T16:46:30.668225,425,0,0,7650
2025-06-22T16:46:32.083191,423,0,0,7614
2025-06-22T16:46:33.502014,424,0,0,7632
2025-06-22T16:46:34.920791,422,0,0,7596
2025-06-22T16:46:36.335698,423,0,0,7614
2025-06-22T16:46:37.750621,421,0,0,7578
2025-06-22T16:46:39.169411,422,0,0,7596
2025-06-22T16:46:40.588410,422,0,0,7596
2025-06-22T16:46:42.003303,424,0,0,7632
2025-06-22T16:46:43.418111,418,0,0,7524
2025-06-22T16:46:44.837072,425,0,0,7650
2025-06-22T16:46:46.256073,421,0,0,7578
2025-06-22T16:46:47.670744,423,0,0,7614
2025-06-22T16:46:49.085589,422,0,0,7596
2025-06-22T16:46:50.504497,422,0,0,7596
2025-06-22T16:46:51.923403,422,0,0,7596
2025-06-22T16:46:53.342284,423,0,0,7614
2025-06-22T16:46:54.757178,420,0,0,7560
2025-06-22T16:46:56.176088,423,0,0,7614
2025-06-22T16:46:57.594870,422,0,0,7596
2025-06-22T16:46:59.009741,421,0,0,7578
2025-06-22T16:47:00.424676,424,0,0,7632
2025-06-22T16:47:01.843499,423,0,0,7614
2025-06-22T16:47:03.262475,424,0,0,7632
2025-06-22T16:47:04.677292,422,0,0,7596
2025-06-22T16:47:06.092181,421,0,0,7578
2025-06-22T16:47:07.510992,424,0,0,7632
2025-06-22T16:47:08.929883,422,0,0,7596
2025-06-22T16:47:10.344708,422,0,0,7596
2025-06-22T16:47:11.759577,421,0,0,7578
2025-06-22T16:47:13.178384,421,0,0,7578
2025-06-22T16:47:14.597395,420,0,0,7560
2025-06-22T16:47:16.016210,424,0,0,7632
2025-06-22T16:47:17.431118,420,0,0,7560
2025-06-22T16:47:18.849938,423,0,0,7614
2025-06-22T16:47:20.268816,421,0,0,7578
2025-06-22T16:47:21.683643,422,0,0,7596
2025-06-22T16:47:23.098461,423,0,0,7614
2025-06-22T16:47:24.517386,425,0,0,7650
2025-06-22T16:47:25.936378,422,0,0,7596
2025-06-22T16:47:27.351198,423,0,0,7614
2025-06-22T16:47:28.766300,421,0,0,7578
2025-06-22T16:47:30.185029,423,0,0,7614
2025-06-22T16:47:31.603818,421,0,0,7578
2025-06-22T16:47:33.018592,423,0,0,7614
2025-06-22T16:47:34.433491,423,0,0,7614
2025-06-22T16:47:35.852388,423,0,0,7614
2025-06-22T16:47:37.271364,421,0,0,7578
2025-06-22T16:47:38.690212,422,0,0,7596
2025-06-22T16:47:40.105430,422,0,0,7596
2025-06-22T16:47:41.523932,423,0,0,7614
2025-06-22T16:47:42.942812,422,0,0,7596
2025-06-22T16:47:44.357717,425,0,0,7650
2025-06-22T16:47:45.772596,423,0,0,7614
2025-06-22T16:47:47.191493,421,0,0,7578
2025-06-22T16:47:48.610429,423,0,0,7614
2025-06-22T16:47:50.025280,423,0,0,7614
2025-06-22T16:47:51.440087,425,0,0,7650
2025-06-22T16:47:52.859010,425,0,0,7650
2025-06-22T16:47:54.277810,423,0,0,7614
2025-06-22T16:47:55.692672,426,0,0,7668
2025-06-22T16:47:57.107591,424,0,0,7632
2025-06-22T16:47:58.526453,426,0,0,7668
2025-06-22T16:47:59.945286,424,0,0,7632
2025-06-22T16:48:01.364460,426,0,0,7668
2025-06-22T16:48:02.779133,424,0,0,7632
2025-06-22T16:48:04.197845,425,0,0,7650
2025-06-22T16:48:05.616912,423,0,0,7614
2025-06-22T16:48:07.031678,426,0,0,7668
2025-06-22T16:48:08.446517,423,0,0,7614
2025-06-22T16:48:09.865473,425,0,0,7650
2025-06-22T16:48:11.284380,422,0,0,7596
2025-06-22T16:48:12.699183,427,0,0,7686
2025-06-22T16:48:14.114066,428,0,0,7704
2025-06-22T16:48:15.532906,422,0,0,7596
2025-06-22T16:48:16.951721,422,0,0,7596
2025-06-22T16:48:18.366557,424,0,0,7632
2025-06-22T16:48:19.781565,424,0,0,7632
2025-06-22T16:48:21.200397,422,0,0,7596
2025-06-22T16:48:22.619335,422,0,0,7596
2025-06-22T16:48:24.038012,421,0,0,7578
2025-06-22T16:48:25.452940,422,0,0,7596
2025-06-22T16:48:26.871929,423,0,0,7614
2025-06-22T16:48:28.290694,421,0,0,7578
2025-06-22T16:48:29.705581,424,0,0,7632
2025-06-22T16:48:31.120568,423,0,0,7614
2025-06-22T16:48:32.539327,423,0,0,7614
2025-06-22T16:48:33.958396,423,0,0,7614
2025-06-22T16:48:35.373240,424,0,0,7632
2025-06-22T16:48:36.788154,420,0,0,7560
2025-06-22T16:48:38.206859,423,0,0,7614
2025-06-22T16:48:39.625800,420,0,0,7560
2025-06-22T16:48:41.040631,423,0,0,7614
2025-06-22T16:48:42.455563,421,0,0,7578
2025-06-22T16:48:43.874286,422,0,0,7596
2025-06-22T16:48:45.293426,424,0,0,7632
2025-06-22T16:48:46.712101,424,0,0,7632
2025-06-22T16:48:48.127058,423,0,0,7614
2025-06-22T16:48:49.545889,425,0,0,7650
2025-06-22T16:48:50.964788,421,0,0,7578
2025-06-22T16:48:52.380461,423,0,0,7614
2025-06-22T16:48:53.794535,422,0,0,7596
2025-06-22T16:48:55.213332,421,0,0,7578
2025-06-22T16:48:56.632388,420,0,0,7560
2025-06-22T16:48:58.047307,423,0,0,7614
2025-06-22T16:48:59.461827,422,0,0,7596
2025-06-22T16:49:00.880757,421,0,0,7578
2025-06-22T16:49:02.299727,421,0,0,7578
2025-06-22T16:49:03.714675,423,0,0,7614
2025-06-22T16:49:05.129480,422,0,0,7596
2025-06-22T16:49:06.548409,423,0,0,7614
2025-06-22T16:49:07.967280,421,0,0,7578
2025-06-22T16:49:09.385982,424,0,0,7632
2025-06-22T16:49:10.800872,425,0,0,7650
2025-06-22T16:49:12.219936,424,0,0,7632
2025-06-22T16:49:13.638692,420,0,0,7560
2025-06-22T16:49:15.053665,424,0,0,7632
2025-06-22T16:49:16.468493,420,0,0,7560
2025-06-22T16:49:17.887416,425,0,0,7650
2025-06-22T16:49:19.306255,420,0,0,7560
2025-06-22T16:49:20.720952,424,0,0,7632
2025-06-22T16:49:22.135822,421,0,0,7578
2025-06-22T16:49:23.554845,424,0,0,7632
2025-06-22T16:49:24.973651,423,0,0,7614
2025-06-22T16:49:26.388471,424,0,0,7632
2025-06-22T16:49:27.803367,421,0,0,7578
2025-06-22T16:49:29.222492,421,0,0,7578
2025-06-22T16:49:30.641179,421,0,0,7578
2025-06-22T16:49:32.060121,422,0,0,7596
2025-06-22T16:49:33.474887,421,0,0,7578
2025-06-22T16:49:34.894031,426,0,0,7668
2025-06-22T16:49:36.312971,420,0,0,7560
2025-06-22T16:49:37.727651,421,0,0,7578
2025-06-22T16:49:39.142501,420,0,0,7560
2025-06-22T16:49:40.561343,424,0,0,7632
2025-06-22T16:49:41.980210,423,0,0,7614
2025-06-22T16:49:43.394998,422,0,0,7596
2025-06-22T16:49:44.809877,422,0,0,7596
2025-06-22T16:49:46.228735,422,0,0,7596
2025-06-22T16:49:47.647672,421,0,0,7578
2025-06-22T16:49:49.062513,423,0,0,7614
2025-06-22T16:49:50.477404,420,0,0,7560
2025-06-22T16:49:51.896346,420,0,0,7560
2025-06-22T16:49:53.315075,424,0,0,7632
2025-06-22T16:49:54.733959,421,0,0,7578
2025-06-22T16:49:56.148802,421,0,0,7578
2025-06-22T16:49:57.567676,422,0,0,7596
2025-06-22T16:49:58.987546,421,0,0,7578
2025-06-22T16:50:00.401626,421,0,0,7578
2025-06-22T16:50:01.816458,423,0,0,7614
2025-06-22T16:50:03.235390,422,0,0,7596
2025-06-22T16:50:04.654115,423,0,0,7614
2025-06-22T16:50:06.069053,424,0,0,7632
2025-06-22T16:50:07.483724,422,0,0,7596
2025-06-22T16:50:08.902828,420,0,0,7560
2025-06-22T16:50:10.321704,420,0,0,7560
2025-06-22T16:50:11.736569,422,0,0,7596
2025-06-22T16:50:13.151442,420,0,0,7560
2025-06-22T16:50:14.570232,423,0,0,7614
2025-06-22T16:50:15.989149,420,0,0,7560
2025-06-22T16:50:17.408017,425,0,0,7650
2025-06-22T16:50:18.822787,419,0,0,7542
2025-06-22T16:50:20.241898,422,0,0,7596
2025-06-22T16:50:21.660658,420,0,0,7560
2025-06-22T16:50:23.075472,423,0,0,7614
2025-06-22T16:50:24.490519,418,0,0,7524
2025-06-22T16:50:25.909406,423,0,0,7614
2025-06-22T16:50:27.328182,421,0,0,7578
2025-06-22T16:50:28.742942,424,0,0,7632
2025-06-22T16:50:30.157791,420,0,0,7560
2025-06-22T16:50:31.576758,422,0,0,7596
2025-06-22T16:50:32.995663,425,0,0,7650
2025-06-22T16:50:34.410653,425,0,0,7650
2025-06-22T16:50:35.825414,421,0,0,7578
2025-06-22T16:50:37.244214,423,0,0,7614
2025-06-22T16:50:38.663124,422,0,0,7596
2025-06-22T16:50:40.082031,424,0,0,7632
2025-06-22T16:50:41.497157,421,0,0,7578
2025-06-22T16:50:42.915760,426,0,0,7668
2025-06-22T16:50:44.334759,422,0,0,7596
2025-06-22T16:50:45.749535,425,0,0,7650
2025-06-22T16:50:47.164358,420,0,0,7560
2025-06-22T16:50:48.583107,423,0,0,7614
2025-06-22T16:50:50.002116,422,0,0,7596
2025-06-22T16:50:51.416892,422,0,0,7596
2025-06-22T16:50:52.832000,423,0,0,7614
2025-06-22T16:50:54.250719,422,0,0,7596
2025-06-22T16:50:55.669669,420,0,0,7560
2025-06-22T16:50:57.084480,422,0,0,7596
2025-06-22T16:50:58.499454,420,0,0,7560
2025-06-22T16:50:59.918153,420,0,0,7560
2025-06-22T16:51:01.337004,423,0,0,7614
2025-06-22T16:51:02.755996,423,0,0,7614
2025-06-22T16:51:04.170853,421,0,0,7578
2025-06-22T16:51:05.589749,421,0,0,7578
2025-06-22T16:51:07.008610,423,0,0,7614
2025-06-22T16:51:08.423463,420,0,0,7560
2025-06-22T16:51:09.838307,421,0,0,7578
2025-06-22T16:51:11.257237,420,0,0,7560
2025-06-22T16:51:12.676113,422,0,0,7596
2025-06-22T16:51:14.090956,423,0,0,7614
2025-06-22T16:51:15.505963,420,0,0,7560
2025-06-22T16:51:16.924696,422,0,0,7596
2025-06-22T16:51:18.343733,419,0,0,7542
2025-06-22T16:51:19.758443,424,0,0,7632
2025-06-22T16:51:21.173393,420,0,0,7560
2025-06-22T16:51:22.592051,423,0,0,7614
2025-06-22T16:51:24.011036,421,0,0,7578
2025-06-22T16:51:25.429894,422,0,0,7596
2025-06-22T16:51:26.844963,421,0,0,7578
2025-06-22T16:51:28.263791,421,0,0,7578
2025-06-22T16:51:29.682612,422,0,0,7596
2025-06-22T16:51:31.097473,423,0,0,7614
2025-06-22T16:51:32.512344,420,0,0,7560
2025-06-22T16:51:33.931175,422,0,0,7596
2025-06-22T16:51:35.350149,420,0,0,7560
2025-06-22T16:51:36.764982,423,0,0,7614
2025-06-22T16:51:38.179885,420,0,0,7560
2025-06-22T16:51:39.598750,422,0,0,7596
2025-06-22T16:51:41.017663,422,0,0,7596
2025-06-22T16:51:42.432513,425,0,0,7650
2025-06-22T16:51:43.847280,421,0,0,7578
2025-06-22T16:51:45.266158,422,0,0,7596
2025-06-22T16:51:46.685089,423,0,0,7614
2025-06-22T16:51:48.104040,421,0,0,7578
2025-06-22T16:51:49.518901,421,0,0,7578
2025-06-22T16:51:50.937850,423,0,0,7614
2025-06-22T16:51:52.356633,420,0,0,7560
2025-06-22T16:51:53.771484,421,0,0,7578
2025-06-22T16:51:55.186289,420,0,0,7560
2025-06-22T16:51:56.605241,423,0,0,7614
2025-06-22T16:51:58.024130,420,0,0,7560
2025-06-22T16:51:59.439012,424,0,0,7632
2025-06-22T16:52:00.853839,422,0,0,7596
2025-06-22T16:52:02.272805,421,0,0,7578
2025-06-22T16:52:03.691573,421,0,0,7578
2025-06-22T16:52:05.106457,422,0,0,7596
2025-06-22T16:52:06.521309,425,0,0,7650
2025-06-22T16:52:07.940111,422,0,0,7596
2025-06-22T16:52:09.359110,420,0,0,7560
2025-06-22T16:52:10.778027,423,0,0,7614
2025-06-22T16:52:12.192847,420,0,0,7560
2025-06-22T16:52:13.611880,423,0,0,7614
2025-06-22T16:52:15.030625,420,0,0,7560
2025-06-22T16:52:16.445498,423,0,0,7614
2025-06-22T16:52:17.860389,421,0,0,7578
2025-06-22T16:52:19.279237,420,0,0,7560
2025-06-22T16:52:20.698176,420,0,0,7560
2025-06-22T16:52:22.113022,423,0,0,7614
2025-06-22T16:52:23.527806,424,0,0,7632
2025-06-22T16:52:24.946756,438,0,0,7884
2025-06-22T16:52:26.365578,443,0,0,7974
2025-06-22T16:52:27.780545,445,0,0,8010
2025-06-22T16:52:29.195321,447,0,0,8046
2025-06-22T16:52:30.614246,449,0,0,8082
2025-06-22T16:52:32.033199,448,0,0,8064
2025-06-22T16:52:33.452057,451,0,0,8118
2025-06-22T16:52:34.866957,451,0,0,8118
2025-06-22T16:52:36.285893,451,0,0,8118
2025-06-22T16:52:37.704602,450,0,0,8100
2025-06-22T16:52:39.119499,456,0,0,8208
2025-06-22T16:52:40.534236,451,0,0,8118
2025-06-22T16:52:41.953294,451,0,0,8118
2025-06-22T16:52:43.372231,451,0,0,8118
2025-06-22T16:52:44.787003,452,0,0,8136
2025-06-22T16:52:46.201971,450,0,0,8100
2025-06-22T16:52:47.620806,450,0,0,8100
2025-06-22T16:52:49.039623,445,0,0,8010
2025-06-22T16:52:50.454524,450,0,0,8100
2025-06-22T16:52:51.869331,450,0,0,8100
2025-06-22T16:52:53.288094,450,0,0,8100
2025-06-22T16:52:54.707153,450,0,0,8100
2025-06-22T16:52:56.126100,449,0,0,8082
2025-06-22T16:52:57.541017,455,0,0,8190
2025-06-22T16:52:58.960028,457,0,0,8226
2025-06-22T16:53:00.378670,454,0,0,8172
2025-06-22T16:53:01.793502,458,0,0,8244
2025-06-22T16:53:03.208402,454,0,0,8172
2025-06-22T16:53:04.627300,460,0,0,8280
2025-06-22T16:53:06.046280,458,0,0,8244
2025-06-22T16:53:07.461113,427,0,0,7686
2025-06-22T16:53:08.875978,421,0,0,7578
2025-06-22T16:53:10.294766,436,0,0,7848
2025-06-22T16:53:11.713553,423,0,0,7614
2025-06-22T16:53:13.128400,423,0,0,7614
2025-06-22T16:53:14.543471,422,0,0,7596
2025-06-22T16:53:15.962297,423,0,0,7614
2025-06-22T16:53:17.381171,422,0,0,7596
2025-06-22T16:53:18.800085,422,0,0,7596
2025-06-22T16:53:20.214863,422,0,0,7596
2025-06-22T16:53:21.633852,438,0,0,7884
2025-06-22T16:53:23.052662,438,0,0,7884
2025-06-22T16:53:24.467583,439,0,0,7902
2025-06-22T16:53:25.882305,440,0,0,7920
2025-06-22T16:53:27.301262,439,0,0,7902
2025-06-22T16:53:28.720260,440,0,0,7920
2025-06-22T16:53:30.135111,439,0,0,7902
2025-06-22T16:53:31.549962,442,0,0,7956
2025-06-22T16:53:32.968762,443,0,0,7974
2025-06-22T16:53:34.387577,442,0,0,7956
2025-06-22T16:53:35.801811,439,0,0,7902
2025-06-22T16:53:37.216268,439,0,0,7902
2025-06-22T16:53:38.634684,440,0,0,7920
2025-06-22T16:53:40.053195,436,0,0,7848
2025-06-22T16:53:41.471807,440,0,0,7920
2025-06-22T16:53:42.886076,440,0,0,7920
2025-06-22T16:53:44.305735,443,0,0,7974
2025-06-22T16:53:45.723414,439,0,0,7902
2025-06-22T16:53:47.138093,440,0,0,7920
2025-06-22T16:53:48.552711,436,0,0,7848
2025-06-22T16:53:49.971445,444,0,0,7992
2025-06-22T16:53:51.389975,444,0,0,7992
2025-06-22T16:53:52.804708,441,0,0,7938
2025-06-22T16:53:54.219360,437,0,0,7866
2025-06-22T16:53:55.638186,440,0,0,7920
2025-06-22T16:53:57.056887,438,0,0,7884
2025-06-22T16:53:58.471811,440,0,0,7920
2025-06-22T16:53:59.886577,435,0,0,7830
2025-06-22T16:54:01.305321,441,0,0,7938
2025-06-22T16:54:02.723977,437,0,0,7866
2025-06-22T16:54:04.142826,442,0,0,7956
2025-06-22T16:54:05.557743,436,0,0,7848
2025-06-22T16:54:06.976455,444,0,0,7992
2025-06-22T16:54:08.395664,440,0,0,7920
2025-06-22T16:54:09.810112,440,0,0,7920
2025-06-22T16:54:11.224931,443,0,0,7974
2025-06-22T16:54:12.644073,439,0,0,7902
2025-06-22T16:54:14.062455,439,0,0,7902
2025-06-22T16:54:15.477428,437,0,0,7866
2025-06-22T16:54:16.892065,438,0,0,7884
2025-06-22T16:54:18.311045,442,0,0,7956
2025-06-22T16:54:19.729944,438,0,0,7884
2025-06-22T16:54:21.144789,444,0,0,7992
2025-06-22T16:54:22.559546,437,0,0,7866
2025-06-22T16:54:23.978384,441,0,0,7938
2025-06-22T16:54:25.397361,442,0,0,7956
2025-06-22T16:54:26.816357,442,0,0,7956
2025-06-22T16:54:28.231065,439,0,0,7902
2025-06-22T16:54:29.649975,443,0,0,7974
2025-06-22T16:54:31.068752,438,0,0,7884
2025-06-22T16:54:32.483560,442,0,0,7956
2025-06-22T16:54:33.898554,439,0,0,7902
2025-06-22T16:54:35.317310,444,0,0,7992
2025-06-22T16:54:36.736198,441,0,0,7938
2025-06-22T16:54:38.151027,444,0,0,7992
2025-06-22T16:54:39.565824,442,0,0,7956
2025-06-22T16:54:40.984828,440,0,0,7920
2025-06-22T16:54:42.403742,437,0,0,7866
2025-06-22T16:54:43.818545,441,0,0,7938
2025-06-22T16:54:45.233418,441,0,0,7938
2025-06-22T16:54:46.652309,442,0,0,7956
2025-06-22T16:54:48.071128,441,0,0,7938
2025-06-22T16:54:49.489995,444,0,0,7992
2025-06-22T16:54:50.904958,436,0,0,7848
2025-06-22T16:54:52.323762,444,0,0,7992
2025-06-22T16:54:53.742714,436,0,0,7848
2025-06-22T16:54:55.157538,439,0,0,7902
2025-06-22T16:54:56.576061,439,0,0,7902
2025-06-22T16:54:57.991284,442,0,0,7956
2025-06-22T16:54:59.410056,441,0,0,7938
2025-06-22T16:55:00.825008,440,0,0,7920
2025-06-22T16:55:02.239718,442,0,0,7956
2025-06-22T16:55:05.335570,440,1110,1110,7920
2025-06-22T16:55:06.760673,437,16285,17395,7866
2025-06-22T16:55:08.187406,442,16305,33700,7956
2025-06-22T16:55:09.612233,441,585,34285,7938
2025-06-22T16:55:11.037363,441,16173,50458,7938
2025-06-22T16:55:12.464344,442,16353,66811,7956
2025-06-22T16:55:13.891393,438,16438,83249,7884
2025-06-22T16:55:15.317223,439,7095,90344,7902
2025-06-22T16:55:16.742171,445,16333,106677,8010
2025-06-22T16:55:18.168330,442,4163,110840,7956
2025-06-22T16:55:19.594971,443,7220,118060,7974
2025-06-22T16:55:21.022925,442,16373,134433,7956
2025-06-22T16:55:22.450048,441,16300,150733,7938
2025-06-22T16:55:23.876077,439,1110,151843,7902
2025-06-22T16:55:25.302798,441,4680,156523,7938
2025-06-22T16:55:26.730962,442,14460,170983,7956
2025-06-22T16:55:28.157809,436,16275,187258,7848
2025-06-22T16:55:29.584758,445,16425,203683,8010
2025-06-22T16:55:31.009692,439,935,204618,7902
2025-06-22T16:55:32.434672,442,16313,220931,7956
2025-06-22T16:55:33.861700,440,16370,237301,7920
2025-06-22T16:55:35.287458,442,6118,243419,7956
2025-06-22T16:55:36.714462,439,9838,253257,7902
2025-06-22T16:55:38.136172,444,560,253817,7992
2025-06-22T16:55:39.561123,439,16275,270092,7902
2025-06-22T16:55:40.976310,2,2,2,36
2025-06-22T16:55:40.993192,708,0,270092,12744
2025-06-22T16:55:42.414976,439,0,270092,7902
2025-06-22T16:55:46.626591,439,2543,2543,7902
2025-06-22T16:55:50.463630,441,2623,2623,7938
2025-06-22T16:55:51.888703,442,16245,18868,7956
2025-06-22T16:55:53.315665,437,16380,35248,7866
2025-06-22T16:55:54.740439,441,558,35806,7938
2025-06-22T16:55:56.165625,440,16298,52104,7920
2025-06-22T16:55:57.592508,440,16355,68459,7920
2025-06-22T16:55:59.019411,443,16375,84834,7974
2025-06-22T16:56:00.444242,442,573,85407,7956
2025-06-22T16:56:01.869291,441,14010,99417,7938
2025-06-22T16:56:03.297190,442,16240,115657,7956
2025-06-22T16:56:04.724150,439,16355,132012,7902
2025-06-22T16:56:06.149026,443,580,132592,7974
2025-06-22T16:56:07.574033,440,14358,146950,7920
2025-06-22T16:56:09.000981,444,16238,163188,7992
2025-06-22T16:56:10.427968,440,16213,179401,7920
2025-06-22T16:56:11.854964,441,16338,195739,7938
2025-06-22T16:56:13.281798,438,16233,211972,7884
2025-06-22T16:56:14.708647,440,16043,228015,7920
2025-06-22T16:56:16.134692,442,5680,233695,7956
2025-06-22T16:56:17.562618,441,16225,249920,7938
2025-06-22T16:56:18.989529,439,11678,261598,7902
2025-06-22T16:56:20.415593,444,3098,264696,7992
2025-06-22T16:56:21.843516,439,15988,280684,7902
2025-06-22T16:56:23.270475,443,15025,295709,7974
2025-06-22T16:56:24.696433,438,5720,301429,7884
2025-06-22T16:56:26.122299,438,590,302019,7884
2025-06-22T16:56:27.547366,442,18913,320932,7956
2025-06-22T16:56:28.974330,441,14980,335912,7938
2025-06-22T16:56:30.401218,440,16293,352205,7920
2025-06-22T16:56:31.828033,440,10580,362785,7920
2025-06-22T16:56:33.254107,440,5908,368693,7920
2025-06-22T16:56:34.680988,440,6398,375091,7920
2025-06-22T16:56:36.105055,440,14693,389784,7920
2025-06-22T16:56:37.531891,446,15778,405562,8028
2025-06-22T16:56:38.958878,440,12353,417915,7920
2025-06-22T16:56:40.385779,442,14598,432513,7956
2025-06-22T16:56:41.812724,439,12205,444718,7902
2025-06-22T16:56:43.239674,442,14738,459456,7956
2025-06-22T16:56:44.666582,443,12468,471924,7974
2025-06-22T16:56:46.093589,443,15470,487394,7974
2025-06-22T16:56:47.520533,442,13303,500697,7956
2025-06-22T16:56:48.947461,442,15690,516387,7956
2025-06-22T16:56:50.374610,442,14338,530725,7956
2025-06-22T16:56:51.801329,441,15653,546378,7938
2025-06-22T16:56:53.228251,439,14143,560521,7902
2025-06-22T16:56:54.655274,442,15683,576204,7956
2025-06-22T16:56:56.082103,442,13603,589807,7956
2025-06-22T16:56:57.509145,442,15603,605410,7956
2025-06-22T16:56:58.935927,437,11828,617238,7866
2025-06-22T16:57:00.363041,441,13450,630688,7938
2025-06-22T16:57:01.790019,440,10390,641078,7920
2025-06-22T16:57:03.216840,442,13565,654643,7956
2025-06-22T16:57:04.643947,440,11860,666503,7920
2025-06-22T16:57:06.070854,440,15375,681878,7920
2025-06-22T16:57:07.497739,439,14130,696008,7902
2025-06-22T16:57:08.924699,444,13138,709146,7992
2025-06-22T16:57:10.350519,440,3143,712289,7920
2025-06-22T16:57:11.776495,444,605,712894,7992
2025-06-22T16:57:13.200424,441,1763,714657,7938
2025-06-22T16:57:14.626427,441,600,715257,7938
2025-06-22T16:57:16.050264,439,1808,717065,7902
2025-06-22T16:57:17.476288,439,603,717668,7902
2025-06-22T16:57:18.900144,441,2753,720421,7938
2025-06-22T16:57:20.324162,442,12210,732631,7956
2025-06-22T16:57:21.749984,440,4218,736849,7920
2025-06-22T16:57:23.177266,443,1678,738527,7974
2025-06-22T16:57:24.599891,443,6305,744832,7974
2025-06-22T16:57:31.262290,442,15973,15973,7956
2025-06-22T16:57:32.685275,519,14903,30876,9342
2025-06-22T16:57:34.108285,516,18505,49381,9288
2025-06-22T16:57:35.531158,520,15205,64586,9360
2025-06-22T16:57:36.958126,527,17250,81836,9486
2025-06-22T16:57:38.381001,519,15015,96851,9342
2025-06-22T16:57:39.804892,521,15160,112011,9378
2025-06-22T16:57:41.237916,522,15135,127146,9396
2025-06-22T16:57:42.658753,520,15175,142321,9360
2025-06-22T16:57:44.085791,525,15118,157439,9450
2025-06-22T16:57:45.512673,525,18325,175764,9450
2025-06-22T16:57:46.939639,520,15180,190944,9360
2025-06-22T16:57:48.366706,518,15173,206117,9324
2025-06-22T16:57:49.793563,520,15220,221337,9360
2025-06-22T16:57:51.220576,519,15145,236482,9342
2025-06-22T16:57:52.647615,518,15340,251822,9324
2025-06-22T16:57:54.074468,524,15273,267095,9432
2025-06-22T16:57:55.501344,521,15233,282328,9378
2025-06-22T16:57:56.928481,517,16348,298676,9306
2025-06-22T16:57:58.355214,523,16828,315504,9414
2025-06-22T16:57:59.786580,522,15365,330869,9396
2025-06-22T16:58:01.209402,522,15318,346187,9396
2025-06-22T16:58:02.636027,523,15315,361502,9414
2025-06-22T16:58:04.063085,522,15320,376822,9396
2025-06-22T16:58:05.489918,521,15255,392077,9378
2025-06-22T16:58:06.917109,521,15308,407385,9378
2025-06-22T16:58:08.343975,521,15360,422745,9378
2025-06-22T16:58:09.770861,519,15358,438103,9342
2025-06-22T16:58:11.197985,523,15358,453461,9414
2025-06-22T16:58:12.624780,521,15300,468761,9378
2025-06-22T16:58:14.051659,524,16670,485431,9432
2025-06-22T16:58:15.478645,522,16170,501601,9396
2025-06-22T16:58:16.905649,519,18683,520284,9342
2025-06-22T16:58:18.332522,524,18555,538839,9432
2025-06-22T16:58:19.759475,522,15333,554172,9396
2025-06-22T16:58:21.186517,521,15510,569682,9378
2025-06-22T16:58:22.613453,523,15405,585087,9414
2025-06-22T16:58:24.040342,518,15433,600520,9324
2025-06-22T16:58:25.467436,532,15433,615953,9576
2025-06-22T16:58:26.894241,523,15370,631323,9414
2025-06-22T16:58:28.321054,528,15428,646751,9504
2025-06-22T16:58:29.748056,520,15493,662244,9360
2025-06-22T16:58:31.175238,527,15475,677719,9486
2025-06-22T16:58:32.601933,528,15408,693127,9504
2025-06-22T16:58:34.028948,527,15503,708630,9486
2025-06-22T16:58:35.455913,525,15500,724130,9450
2025-06-22T16:58:36.882940,522,16573,740703,9396
2025-06-22T16:58:38.309823,519,16105,756808,9342
2025-06-22T16:58:39.736819,523,18388,775196,9414
2025-06-22T16:58:41.163699,525,18078,793274,9450
2025-06-22T16:58:42.590696,521,15518,808792,9378
2025-06-22T16:58:44.017704,523,15530,824322,9414
2025-06-22T16:58:45.444635,527,15553,839875,9486
2025-06-22T16:58:46.871648,523,15468,855343,9414
2025-06-22T16:58:48.298537,523,15583,870926,9414
2025-06-22T16:58:49.725459,525,15545,886471,9450
2025-06-22T16:58:51.152258,526,16583,903054,9468
2025-06-22T16:58:52.579210,524,19063,922117,9432
2025-06-22T16:58:54.006366,527,15580,937697,9486
2025-06-22T16:58:55.433211,529,15595,953292,9522
2025-06-22T16:58:56.860140,524,17310,970602,9432
2025-06-22T16:58:58.287093,528,15625,986227,9504
2025-06-22T16:58:59.715172,527,15598,1001825,9486
2025-06-22T16:59:01.142100,523,15578,1017403,9414
2025-06-22T16:59:02.569251,525,15590,1032993,9450
2025-06-22T16:59:03.995996,521,15533,1048526,9378
2025-06-22T16:59:05.423011,531,17250,1065776,9558
2025-06-22T16:59:06.849736,528,17595,1083371,9504
2025-06-22T16:59:08.276886,531,15543,1098914,9558
2025-06-22T16:59:09.703789,525,15665,1114579,9450
2025-06-22T16:59:11.130662,525,15623,1130202,9450
2025-06-22T16:59:12.557651,526,15563,1145765,9468
2025-06-22T16:59:13.984641,523,15653,1161418,9414
2025-06-22T16:59:15.411662,521,15648,1177066,9378
2025-06-22T16:59:16.838638,522,15560,1192626,9396
2025-06-22T16:59:18.265497,522,15630,1208256,9396
2025-06-22T16:59:19.692438,522,16333,1224589,9396
2025-06-22T16:59:21.115123,429,0,1224589,7722
2025-06-22T16:59:22.538020,425,0,1224589,7650
2025-06-22T16:59:23.965267,526,16585,1241174,9468
2025-06-22T16:59:25.392105,529,18790,1259964,9522
2025-06-22T16:59:26.819093,521,15643,1275607,9378
2025-06-22T16:59:28.246251,525,15623,1291230,9450
2025-06-22T16:59:29.672965,519,15683,1306913,9342
2025-06-22T16:59:31.099986,523,15653,1322566,9414
2025-06-22T16:59:32.527058,523,15650,1338216,9414
2025-06-22T16:59:33.953926,524,15668,1353884,9432
2025-06-22T16:59:35.380832,525,15733,1369617,9450
2025-06-22T16:59:36.807720,523,15643,1385260,9414
2025-06-22T16:59:38.234722,524,15688,1400948,9432
2025-06-22T16:59:39.661737,528,15723,1416671,9504
2025-06-22T16:59:41.088634,525,15610,1432281,9450
2025-06-22T16:59:42.515765,527,17653,1449934,9486
2025-06-22T16:59:43.942615,526,17433,1467367,9468
2025-06-22T16:59:51.389136,526,15730,15730,9468
2025-06-22T16:59:52.812123,448,16748,32478,8064
2025-06-22T16:59:54.234714,447,16890,49368,8046
2025-06-22T16:59:55.657911,525,10510,59878,9450
2025-06-22T16:59:57.084834,447,17010,76888,8046
2025-06-22T16:59:58.507529,449,19203,96091,8082
2025-06-22T16:59:59.931814,522,15648,111739,9396
2025-06-22T17:00:01.358726,448,16895,128634,8064
2025-06-22T17:00:02.785361,444,16800,145434,7992
2025-06-22T17:00:04.212789,519,15608,161042,9342
2025-06-22T17:00:05.639642,445,16775,177817,8010
2025-06-22T17:00:07.066193,447,16800,194617,8046
2025-06-22T17:00:08.493575,526,15608,210225,9468
2025-06-22T17:00:09.920350,447,16913,227138,8046
2025-06-22T17:00:11.347073,445,19700,246838,8010
2025-06-22T17:00:12.774387,520,15595,262433,9360
2025-06-22T17:00:14.201188,447,16315,278748,8046
2025-06-22T17:00:15.627932,447,19895,298643,8046
2025-06-22T17:00:17.055250,526,14815,313458,9468
2025-06-22T17:00:18.482135,447,16633,330091,8046
2025-06-22T17:00:19.908713,446,17090,347181,8028
2025-06-22T17:00:21.336028,523,13590,360771,9414
2025-06-22T17:00:22.761879,445,9005,369776,8010
2025-06-22T17:00:24.185568,449,17023,386799,8082
2025-06-22T17:00:25.612934,522,15555,402354,9396
2025-06-22T17:00:27.039759,445,16713,419067,8010
2025-06-22T17:00:28.466458,440,19270,438337,7920
2025-06-22T17:00:29.893848,522,15543,453880,9396
2025-06-22T17:00:31.320609,443,15145,469025,7974
2025-06-22T17:00:32.747300,448,18773,487798,8064
2025-06-22T17:00:34.174493,524,14715,502513,9432
2025-06-22T17:00:35.601590,448,16330,518843,8064
2025-06-22T17:00:37.028046,447,16628,535471,8046
2025-06-22T17:00:38.454347,524,8110,543581,9432
2025-06-22T17:00:39.883125,447,16803,560384,8046
2025-06-22T17:00:41.308929,452,16480,576864,8136
2025-06-22T17:00:42.736129,522,15550,592414,9396
2025-06-22T17:00:44.163241,448,16450,608864,8064
2025-06-22T17:00:45.589839,448,17693,626557,8064
2025-06-22T17:00:47.017077,523,15510,642067,9414
2025-06-22T17:00:48.444005,444,14293,656360,7992
2025-06-22T17:00:49.870510,446,16490,672850,8028
2025-06-22T17:00:51.298038,523,11003,683853,9414
2025-06-22T17:00:52.724831,448,10923,694776,8064
2025-06-22T17:00:54.151377,444,16410,711186,7992
2025-06-22T17:00:55.577811,523,8678,719864,9414
2025-06-22T17:00:57.005772,445,16338,736202,8010
2025-06-22T17:00:58.432228,447,16270,752472,8046
2025-06-22T17:00:59.859589,529,15473,767945,9522
2025-06-22T17:01:01.286593,448,16153,784098,8064
2025-06-22T17:01:02.713121,444,16230,800328,7992
2025-06-22T17:01:04.140525,524,15485,815813,9432
2025-06-22T17:01:05.567461,444,16260,832073,7992
2025-06-22T17:01:06.994055,446,16153,848226,8028
2025-06-22T17:01:08.421335,525,15443,863669,9450
2025-06-22T17:01:09.848121,448,16293,879962,8064
2025-06-22T17:01:11.274810,444,18680,898642,7992
2025-06-22T17:01:12.702245,525,15575,914217,9450
2025-06-22T17:01:14.129161,444,15900,930117,7992
2025-06-22T17:01:15.555765,448,20068,950185,8064
2025-06-22T17:01:16.983123,523,13753,963938,9414
2025-06-22T17:01:18.409931,447,14910,978848,8046
2025-06-22T17:01:19.836601,445,16358,995206,8010
2025-06-22T17:01:21.264915,526,14428,1009634,9468
2025-06-22T17:01:22.690767,444,9733,1019367,7992
2025-06-22T17:01:24.118548,446,16290,1035657,8028
2025-06-22T17:01:25.544677,526,9335,1044992,9468
2025-06-22T17:01:26.971609,447,9340,1054332,8046
2025-06-22T17:01:28.399252,446,16275,1070607,8028
2025-06-22T17:01:29.825528,519,8528,1079135,9342
2025-06-22T17:01:31.253513,445,16170,1095305,8010
2025-06-22T17:01:32.680188,445,16088,1111393,8010
2025-06-22T17:01:34.107473,525,15435,1126828,9450
2025-06-22T17:01:35.534486,447,16415,1143243,8046
2025-06-22T17:01:36.961066,447,16228,1159471,8046
2025-06-22T17:01:38.388294,524,15433,1174904,9432
2025-06-22T17:01:39.815155,446,16275,1191179,8028
2025-06-22T17:01:41.241885,446,16185,1207364,8028
2025-06-22T17:01:42.669162,524,15453,1222817,9432
2025-06-22T17:01:44.096118,450,16245,1239062,8100
2025-06-22T17:01:45.522704,447,16163,1255225,8046
2025-06-22T17:01:46.950004,527,15528,1270753,9486
2025-06-22T17:01:48.376962,451,16163,1286916,8118
2025-06-22T17:01:49.803502,444,16478,1303394,7992
2025-06-22T17:01:51.230955,524,15448,1318842,9432
2025-06-22T17:01:52.657872,444,16195,1335037,7992
2025-06-22T17:01:54.084428,448,16443,1351480,8064
2025-06-22T17:01:55.511759,519,15430,1366910,9342
2025-06-22T17:01:56.938658,446,11098,1378008,8028
2025-06-22T17:01:58.365259,445,16345,1394353,8010
2025-06-22T17:01:59.791491,520,9213,1403566,9360
2025-06-22T17:02:01.218518,446,8365,1411931,8028
2025-06-22T17:02:02.646172,447,16345,1428276,8046
2025-06-22T17:02:04.072479,525,7113,1435389,9450
2025-06-22T17:02:05.500260,443,16193,1451582,7974
2025-06-22T17:02:06.926981,445,16168,1467750,8010
2025-06-22T17:02:08.354295,522,15400,1483150,9396
2025-06-22T17:02:09.781194,448,16223,1499373,8064
2025-06-22T17:02:11.207738,444,16273,1515646,7992
2025-06-22T17:02:12.635281,524,15405,1531051,9432
2025-06-22T17:02:14.062057,444,16183,1547234,7992
2025-06-22T17:02:15.488761,440,16158,1563392,7920
2025-06-22T17:02:16.916046,526,15385,1578777,9468
2025-06-22T17:02:18.342898,446,16163,1594940,8028
2025-06-22T17:02:19.769649,444,16620,1611560,7992
2025-06-22T17:02:21.196837,522,15408,1626968,9396
2025-06-22T17:02:22.623762,450,16238,1643206,8100
2025-06-22T17:02:24.050340,452,16713,1659919,8136
2025-06-22T17:02:25.477553,521,15353,1675272,9378
2025-06-22T17:02:26.904590,449,16193,1691465,8082
2025-06-22T17:02:28.331217,445,19840,1711305,8010
2025-06-22T17:02:29.758547,520,15315,1726620,9360
2025-06-22T17:02:31.185498,446,13305,1739925,8028
2025-06-22T17:02:32.612048,446,16348,1756273,8028
2025-06-22T17:02:34.039377,521,12225,1768498,9378
2025-06-22T17:02:35.466374,444,13808,1782306,7992
2025-06-22T17:02:36.892872,448,16235,1798541,8064
2025-06-22T17:02:38.320282,525,11600,1810141,9450
2025-06-22T17:02:39.746621,444,7193,1817334,7992
2025-06-22T17:02:41.173869,444,16388,1833722,7992
2025-06-22T17:02:42.600111,525,7573,1841295,9450
2025-06-22T17:02:44.026998,447,8098,1849393,8046
2025-06-22T17:02:45.454767,444,16338,1865731,7992
2025-06-22T17:02:46.880925,523,7775,1873506,9414
2025-06-22T17:02:48.308966,444,16328,1889834,7992
2025-06-22T17:02:49.735553,447,16355,1906189,8046
2025-06-22T17:02:51.162864,523,15398,1921587,9414
2025-06-22T17:02:52.589753,447,16395,1937982,8046
2025-06-22T17:02:54.016425,445,16383,1954365,8010
2025-06-22T17:02:55.443735,521,15375,1969740,9378
2025-06-22T17:02:56.870647,446,16340,1986080,8028
2025-06-22T17:02:58.297225,447,16255,2002335,8046
2025-06-22T17:02:59.724553,525,15365,2017700,9450
2025-06-22T17:03:01.151484,449,16273,2033973,8082
2025-06-22T17:03:02.578120,445,16193,2050166,8010
2025-06-22T17:03:04.005409,518,15365,2065531,9324
2025-06-22T17:03:05.432294,444,16238,2081769,7992
2025-06-22T17:03:06.859013,446,16250,2098019,8028
2025-06-22T17:03:08.286281,522,15440,2113459,9396
2025-06-22T17:03:09.713151,450,16263,2129722,8100
2025-06-22T17:03:11.139934,450,19355,2149077,8100
2025-06-22T17:03:12.567194,525,15360,2164437,9450
2025-06-22T17:03:13.993955,445,15668,2180105,8010
2025-06-22T17:03:15.420624,446,19493,2199598,8028
2025-06-22T17:03:16.847925,522,14805,2214403,9396
2025-06-22T17:03:18.274727,447,15653,2230056,8046
2025-06-22T17:03:19.701536,446,16573,2246629,8028
2025-06-22T17:03:21.128769,524,14035,2260664,9432
2025-06-22T17:03:22.554658,446,9255,2269919,8028
2025-06-22T17:03:23.982247,446,16590,2286509,8028
2025-06-22T17:03:25.409310,516,15353,2301862,9288
2025-06-22T17:03:26.835469,523,9780,2311642,9414
2025-06-22T17:03:30.386125,444,16275,16275,7992
2025-06-22T17:03:34.232114,519,15440,15440,9342
2025-06-22T17:03:35.655062,449,16385,31825,8082
2025-06-22T17:03:37.077631,446,16430,48255,8028
2025-06-22T17:03:38.500931,525,12513,60768,9450
2025-06-22T17:03:39.926794,445,8235,69003,8010
2025-06-22T17:03:41.350366,447,16630,85633,8046
2025-06-22T17:03:42.774808,523,15418,101051,9414
2025-06-22T17:03:44.201714,450,16540,117591,8100
2025-06-22T17:03:45.628180,446,16318,133909,8028
2025-06-22T17:03:47.055474,514,15485,149394,9252
2025-06-22T17:03:48.482566,520,15428,164822,9360
2025-06-22T17:03:49.909411,446,16420,181242,8028
2025-06-22T17:03:51.336313,447,16340,197582,8046
2025-06-22T17:03:52.763389,524,15413,212995,9432
2025-06-22T17:03:54.190369,447,16423,229418,8046
2025-06-22T17:03:55.616905,448,16373,245791,8064
2025-06-22T17:03:57.044124,522,15500,261291,9396
2025-06-22T17:03:58.471244,448,16395,277686,8064
2025-06-22T17:03:59.897750,444,16263,293949,7992
2025-06-22T17:04:01.325831,529,15378,309327,9522
2025-06-22T17:04:02.752123,447,16213,325540,8046
2025-06-22T17:04:04.178663,448,16233,341773,8064
2025-06-22T17:04:10.506118,521,15460,15460,9378
2025-06-22T17:04:11.928843,448,16370,31830,8064
2025-06-22T17:04:13.351508,445,16485,48315,8010
2025-06-22T17:04:14.774709,523,14235,62550,9414
2025-06-22T17:04:16.201704,446,10355,72905,8028
2025-06-22T17:04:17.624250,448,16253,89158,8064
2025-06-22T17:04:19.048881,523,15345,104503,9414
2025-06-22T17:04:20.475556,449,16473,120976,8082
2025-06-22T17:04:21.902162,447,16593,137569,8046
2025-06-22T17:04:23.329434,520,15405,152974,9360
2025-06-22T17:04:24.756384,444,16383,169357,7992
2025-06-22T17:04:26.182931,449,16390,185747,8082
2025-06-22T17:04:27.610358,526,15458,201205,9468
2025-06-22T17:04:29.037257,448,16245,217450,8064
2025-06-22T17:04:30.463778,447,16260,233710,8046
2025-06-22T17:04:31.891160,528,15380,249090,9504
2025-06-22T17:04:33.318119,445,15930,265020,8010
2025-06-22T17:04:34.744711,449,15858,280878,8082
2025-06-22T17:04:36.171999,522,15438,296316,9396
2025-06-22T17:04:37.598933,448,16465,312781,8064
2025-06-22T17:04:39.025422,447,16255,329036,8046
2025-06-22T17:04:40.452910,528,15363,344399,9504
2025-06-22T17:04:41.879775,447,16088,360487,8046
2025-06-22T17:04:43.306213,447,16133,376620,8046
2025-06-22T17:04:44.735018,523,15453,392073,9414
2025-06-22T17:04:46.160632,449,16198,408271,8082
2025-06-22T17:04:47.587283,444,16028,424299,7992
2025-06-22T17:04:49.014496,526,15418,439717,9468
2025-06-22T17:04:50.441494,444,16020,455737,7992
2025-06-22T17:04:51.573632,443,16078,16078,7974
2025-06-22T17:04:52.996989,525,15213,31291,9450
2025-06-22T17:04:54.415767,428,0,31291,7704
2025-06-22T17:04:55.834340,428,0,31291,7704
2025-06-22T17:04:57.607447,239,0,0,4302